1.0	0.0	0.0	0.30344779024935986	0.48507640764245086	0.6438442298893269	0.7569237503473827	0.8203321965528841	0.8490629052480466	0.860592072691039	0.8649853868049413	0.8666231684177669	0.867228646929336	0.867451794705911	0.86753394114644
1.0	1.0	0.0	0.556727773948632	0.6977406397089219	0.7877864126222927	0.8342827393909922	0.854559693473583	0.8625800484990377	0.8656152155796969	0.8667437286400599	0.8671605262653403	0.8673140808144225	0.8673706003469662	0.8673913971719861
1.0	2.0	0.0	0.7285413791266654	0.8025259939549435	0.8399744187921137	0.8564831907687884	0.8630408210223371	0.865537660127645	0.866468395143486	0.8668124872518841	0.8669393022316508	0.866985986357017	0.8670031646377038	0.8670094849098533
1.0	3.0	0.0	0.8105526150654146	0.8419650782702308	0.856124789343254	0.8620045834676753	0.8642937243563131	0.8651554994180176	0.865475338640029	0.8655933888508108	0.8656368701962874	0.8656528731723937	0.865658761448615	0.8656609278048878
1.0	4.0	0.0	0.8414856248717203	0.853212374041569	0.8583886176648275	0.8605599007157099	0.861412043233519	0.8617339961750229	0.8618536544330134	0.8618978426448447	0.8619141216215687	0.8619201132415392	0.8619223179671976	0.8619231294359322
2.0	0.0	0.0	0.4543467888410333	0.6197061664626441	0.7478018960939306	0.8345423545740821	0.8832030757741386	0.9056325002403461	0.9147571964531351	0.9182507635018509	0.9195555555709249	0.9200382676762098	0.920216216611695	0.9202817304905021
2.0	1.0	0.0	0.7609144558927187	0.8422762589752809	0.8867457184874035	0.9070173194825658	0.915219617333953	0.9183533098244658	0.9195227407556952	0.9199552439651798	0.920114665633013	0.9201733560867136	0.9201949528218774	0.9202028986013188
2.0	2.0	0.0	0.8878913034009419	0.9071034142703882	0.9148781269694026	0.9178539608824219	0.9189657488014408	0.9193771390611258	0.9195288083906454	0.9195846488330522	0.9196051975321528	0.9196127577101483	0.9196155391129979	0.9196165622773198
2.0	3.0	0.0	0.9118424386679884	0.91445304901975	0.9154199426216989	0.915778376713284	0.9159107927370573	0.9159595934304021	0.915977558434449	0.9159841688712188	0.9159866010084027	0.9159874958052944	0.915987825211102	0.9159879459078875
2.0	4.0	0.0	0.8952094507185236	0.8890080949294529	0.8857447357521004	0.8843530660349113	0.8838110368783153	0.8836073240659985	0.8835317858951359	0.8835039156033894	0.8834936516081543	0.8834898742541744	0.8834884844151683	0.8834879730611237
3.0	0.0	0.0	0.3735605396217001	0.5503845303513549	0.6956353079143016	0.796356425941657	0.8527966572386104	0.8786202435828361	0.8890517441676924	0.8930309172994516	0.894505275491608	0.8950504885967512	0.895251446346	0.8953254265975622
3.0	1.0	0.0	0.7356046641113508	0.8196188758690696	0.8633338689305039	0.8826238302661584	0.8903081993545684	0.8932253225579524	0.8943112741969834	0.894712536442055	0.894860392908341	0.8949148188617213	0.8949348453350784	0.8949422132829569
3.0	2.0	0.0	0.8672224148733895	0.8826497675675551	0.8889350235019026	0.8913600158695326	0.8922695217445744	0.8926065867993386	0.8927309278935683	0.8927767170518959	0.8927935680784677	0.8927997681772144	0.8928020493154626	0.8928028882893
3.0	3.0	0.0	0.8745567281924966	0.8749671640954673	0.8752174408407735	0.8753327454775496	0.8753790400564156	0.8753966383293649	0.8754031920151232	0.8754056134898817	0.8754065058010099	0.8754068344966516	0.8754069552098614	0.8754069998916866
3.0	4.0	0.0	0.7293105956082515	0.7127870550952695	0.7060172148774635	0.7034033756942843	0.7024227440249698	0.7020592679772655	0.7019251765322108	0.7018757957785712	0.7018576226082691	0.7018509360884941	0.7018484761993734	0.7018475711503758
4.0	0.0	0.0	0.5437594453837288	0.6911452857527114	0.7992045669025933	0.8707033340598921	0.9109999242750156	0.9298621514157276	0.9376025899304181	0.9405776217867987	0.9416904266871934	0.9421023456042225	0.9422542289149708	0.9423101507539869
4.0	1.0	0.0	0.9180268373818397	0.9320419271244977	0.9380087398819735	0.9403550545234114	0.9412416121895465	0.9415710921141042	0.9416927610669148	0.9417375831813013	0.9417540806686652	0.9417601511922056	0.9417623844136485	0.9417632060261907
4.0	2.0	0.0	0.9066098475137349	0.9061194010313365	0.9060290844113293	0.9060102192541274	0.90600533974631	0.9060038295795467	0.9060033128559067	0.9060031280484357	0.9060030608572704	0.906003036195996	0.9060030270978089	0.9060030237917263
4.0	3.0	0.0	0.47479670122948836	0.4612503714551697	0.45558644708141716	0.45339106815540986	0.4525671253898738	0.4522617431430052	0.4521490886896221	0.4521076032222864	0.4520923358914238	0.4520867185980199	0.4520846519704626	0.452083891668964
4.0	4.0	0.0	0.3092092672223056	0.30443485445694385	0.3024506597090634	0.30168373145581084	0.30139623094002843	0.30128972058695924	0.3012504358400481	0.3012359699978478	0.30123064646203795	0.3012286877762133	0.301227967216953	0.3012277021030518
