whichcase = 1
tmax = 10000.0
whichcase = 1
0.0, 0.860592072691039
0.5, 0.8640720925048215
1.0, 0.8656152155796969
1.5, 0.8662754620107042
2.0, 0.866468395143486
2.5, 0.86624756626782
3.0, 0.865475338640029
3.5, 0.86421497445622
4.0, 0.8618536544330134
4.5, 0.8572596808729486
5.0, 0.8441430800269898
5.5, 0.8115994643831528
6.0, 0.7578608717040631
6.5, 0.6891969385074344
7.0, 0.6071346994835666
7.5, 0.5098453851350248
8.0, 0.40551145480662765
8.5, 0.31055705207665874
9.0, 0.23661017949394567
9.5, 0.18508807066778327
10.0, 0.1514336858134793
10.5, 0.13016194677516998
11.0, 0.11692689812317834
11.5, 0.1087664423603458
12.0, 0.10376197479009347
12.5, 0.10070427299782184
13.0, 0.09884082021878217
13.5, 0.09770714442578339
14.0, 0.0970182281046039
14.5, 0.09659988781693596
15.0, 0.09634596833212802
whichcase = 2
tmax = 10000.0
whichcase = 2
0.0, 0.9147571964531351
0.5, 0.9183434608545279
1.0, 0.9195227407556952
1.5, 0.9197781919760596
2.0, 0.9195288083906454
2.5, 0.9186531700258397
3.0, 0.915977558434449
3.5, 0.9080838502258927
4.0, 0.8835317858951359
4.5, 0.8256426143159228
5.0, 0.7488283413082473
5.5, 0.6739133981987357
6.0, 0.5939029742601896
6.5, 0.5182971654346753
7.0, 0.45609735120679007
7.5, 0.40333774787416615
8.0, 0.35228512801946893
8.5, 0.3042941021341028
9.0, 0.2621086919544308
9.5, 0.22770914003780424
10.0, 0.20128789918172504
10.5, 0.18200159482708883
11.0, 0.16852236929955589
11.5, 0.1594450999728188
12.0, 0.15351771793898678
12.5, 0.14973876117861032
13.0, 0.14737095234159966
13.5, 0.1459048142022211
14.0, 0.14500400165545435
14.5, 0.14445325695866915
15.0, 0.14411757520870455
whichcase = 3
tmax = 10000.0
whichcase = 3
0.0, 0.8890517441676924
0.5, 0.8932318064854922
1.0, 0.8943112741969834
1.5, 0.8940737765192184
2.0, 0.8927309278935683
2.5, 0.8885359548983341
3.0, 0.8754031920151232
3.5, 0.8283038525666975
4.0, 0.7019251765322108
4.5, 0.5513569597226756
5.0, 0.4350094282822258
5.5, 0.3403666563258926
6.0, 0.2769950413303921
6.5, 0.24258524482327246
7.0, 0.2250497003152275
7.5, 0.21407402069703596
8.0, 0.20331420967385141
8.5, 0.18983275753879442
9.0, 0.174711621522546
9.5, 0.16040123762911238
10.0, 0.1485649924068091
10.5, 0.13969583632240343
11.0, 0.13351369543174404
11.5, 0.12940974691848672
12.0, 0.12677297442016244
12.5, 0.12511856720684186
13.0, 0.12409292561582694
13.5, 0.12346207667216137
14.0, 0.12307615557807923
14.5, 0.12284085586285154
15.0, 0.12269768443167393
whichcase = 4
tmax = 10000.0
whichcase = 4
0.0, 0.9376025899304181
0.5, 0.9416749256352499
1.0, 0.9416927610669148
1.5, 0.9390052792645593
2.0, 0.9060033128559067
2.5, 0.6434817816723403
3.0, 0.4521490886896221
3.5, 0.3595488145824039
4.0, 0.3012504358400481
4.5, 0.27580674394404314
5.0, 0.262840690598992
5.5, 0.25677071572497046
6.0, 0.2554513852299407
6.5, 0.2555116343798069
7.0, 0.2558884619025505
7.5, 0.2561947665623039
8.0, 0.2563724828649206
8.5, 0.2564706419739542
9.0, 0.2565301057570387
9.5, 0.2565737067938118
10.0, 0.25651226355698176
10.5, 0.25647613373873746
11.0, 0.2564494043943356
11.5, 0.25642865908027784
12.0, 0.25641502577365594
12.5, 0.25640647766208835
13.0, 0.2564012076906055
13.5, 0.2563979827679829
14.0, 0.25639601703557885
14.5, 0.25639482114625156
15.0, 0.25639409451127265