1.0	-15.0	-0.0	0.5657526668396163	0.7200357595348049	0.8286987317840365	0.8974883400442154	0.9375930500754163	0.958810274611781	0.9678173903304446	0.9700252286749289	0.9701593406185594	0.0003165466724806642	0.00010992183767307453	3.67001392649024e-5	1.2583352109350582e-5	4.529171129863547e-6	1.9425656039450763e-6	1.1821618272789394e-6	1.0215940863710214e-6	1.0132719581732725e-6
2.0	-15.0	-0.0	0.565709474489833	0.720200772676196	0.8286027740868966	0.8974266011718969	0.937647797359043	0.9588607361523495	0.9678279864162231	0.9700088290211679	0.9701611601650022	0.06613859531491596	0.04037332004752328	0.02392682467514793	0.014043544814049643	0.008445695444912625	0.005542462058375005	0.004325050520632683	0.004029882375348919	0.004009282461163267
3.0	-15.0	-0.0	0.5656136183806342	0.7202250641768078	0.8287579100247556	0.8973262096254427	0.9375426004750043	0.9587888997059795	0.9677833860902936	0.9700075310674521	0.970157662117113	0.12817198362119983	0.07929382552671838	0.047318207860381614	0.02795320373628208	0.01686295292690279	0.011079733972306268	0.008646847839370815	0.008046710703944773	0.008006233021702901
4.0	-15.0	-0.0	0.5656574919300535	0.7203230087564851	0.8286344946273996	0.8973453339567625	0.937582644681022	0.958818103470861	0.9677978925434998	0.9700015316233774	0.9701580906255661	0.11996596191733451	0.07627373605767604	0.046321446511462645	0.027594440916740404	0.016724703586980662	0.011016519764545865	0.008608572585846389	0.008018212803991948	0.007976281970526189
5.0	-15.0	-0.0	0.565856440087465	0.7201086490151181	0.8287615949801361	0.8975023018483337	0.9375770014829305	0.9587996469096004	0.9678068221767976	0.9700269765659135	0.9701590058687936	0.05002410721034834	0.030477223745646265	0.01799352910197443	0.010548164924233735	0.006350507633136943	0.00416693778545513	0.0032482590319001053	0.003022587732038709	0.0030091810004889523
6.0	-15.0	-0.0	0.5659003163545605	0.7201533814800335	0.8288030027753908	0.8974594765131712	0.9375594342344766	0.9587895190554226	0.9677965748348467	0.9700277157741422	0.9701586406038094	0.07854100110357283	0.04903326410702271	0.02938151148879248	0.017384327277222947	0.010513782277559577	0.0069147840411325065	0.005395794074322158	0.005020288589462732	0.00499826713538871
1.0	-15.0	-1.0	0.563118570358598	0.7192641594328186	0.8293612859901128	0.8995349379285213	0.9420293624486149	0.9668656311869743	0.981113668085003	0.9889862740383863	0.9932171378274383	0.0008715479373357973	0.00029892077718786635	0.00010132001965436342	3.2541317389355804e-5	1.0350667697081702e-5	3.3192480683668044e-6	1.0994409189097509e-6	3.4227112334342845e-7	1.4008227680465937e-7
2.0	-15.0	-1.0	0.5554942170237059	0.7144086662022728	0.8269037455179513	0.8984743819428782	0.9416185903850235	0.9667444353718219	0.9811253666612395	0.9890530362219764	0.9933859048138726	0.07095651394944166	0.042728917460984624	0.024800047137675234	0.014145950891969076	0.007987787072737831	0.004489956900024609	0.002511224920797671	0.0014156550357666505	0.0007934662863491288
3.0	-15.0	-1.0	0.5541661632810972	0.7137170674796045	0.8266254041206316	0.8983959326656152	0.9415959498668603	0.966754431235008	0.9811191751082814	0.989046252342689	0.9933962203086637	0.13244443346103435	0.08158327788878528	0.04809403878933273	0.027728581719367887	0.01578246185111729	0.008928064181216975	0.005044984179201819	0.0029061160057631576	0.0017235405408981917
4.0	-15.0	-1.0	0.5435136372911263	0.7063031791550447	0.8227597829182902	0.89677520563327	0.9409782384421082	0.9665968624733619	0.981052662798742	0.9890962100426058	0.9935355672100479	0.13227482335561727	0.08326356389271437	0.049299959926917804	0.028295688842657592	0.016002510717287817	0.008972904420891215	0.005031822865972011	0.0028297766421161055	0.0015795050666000175
5.0	-15.0	-1.0	0.5241337715116733	0.6873856468420332	0.8104006965208354	0.8907877372240791	0.9385362559274542	0.9655872923463434	0.980653518324434	0.9890503937295063	0.9934930192579696	0.07623375405779823	0.045552139199477815	0.024934078868568216	0.013124543172341744	0.006909097138288	0.0036932917383863564	0.0020059249052067985	0.0010934626040242485	0.0006065627564880678
6.0	-15.0	-1.0	0.4963964716467411	0.6603408642096965	0.7928818487760136	0.8821007057755115	0.9348796562007349	0.9642220633282261	0.9802645346956725	0.9889501294285845	0.9936173600625955	0.1074904367902471	0.07023180267775775	0.04123076212961686	0.022467943207812407	0.011910068488607034	0.006328973766722854	0.0033970077513658433	0.0018472711672223128	0.0010144061037307994
1.0	-15.0	-1.5	0.5599569831072214	0.7172340896643015	0.8283821070679808	0.899359001752936	0.9421084451838834	0.967043497878409	0.9812997722224083	0.9894087128815442	0.9939772334065096	0.0014889144430061654	0.000506508174510551	0.0001652971700710336	5.3394667638549735e-5	1.7125753366441834e-5	5.340212734021958e-6	1.650442817737525e-6	5.494591090105234e-7	1.821017281101299e-7
2.0	-15.0	-1.5	0.519623540796158	0.6856873195747419	0.8103705764759312	0.8911385422706999	0.9387563925264659	0.9658199247349256	0.9808908630817984	0.9892469729714941	0.993955300012647	0.08999598400121239	0.05524770188982667	0.031139047852928564	0.01679451862867105	0.008999314341498645	0.004849509407748437	0.0026459349051927692	0.0014617485463384295	0.0008045489023836038
3.0	-15.0	-1.5	0.5045810340696947	0.679525656602373	0.8093524169251227	0.8912409409661776	0.938946221088379	0.9658423940182294	0.9808937160809226	0.989330796514997	0.9939633759312517	0.14756999701602924	0.09257702953521252	0.05366382751032387	0.030026387237337332	0.01663697099985395	0.009230098197701361	0.005134757154465811	0.002855866853608391	0.0016087869406274115
4.0	-15.0	-1.5	0.45448538782742576	0.6194378604247474	0.7668758930176262	0.8706965242537473	0.9307317358804886	0.962871217232142	0.9799427933970185	0.9889368095806539	0.9938822429033196	0.18580292401591816	0.12905486624861395	0.07642905203117713	0.040256561707751666	0.020530825549385644	0.010594530794503777	0.005567144441688458	0.003007455021823169	0.0016259225139990553
5.0	-15.0	-1.5	0.4415236826214872	0.5836069875718707	0.6985022518959592	0.7881996161919826	0.8635598143518073	0.9246256637852034	0.964325455876986	0.9839764279337376	0.9923868260074044	0.14303726023874513	0.1095594673146686	0.0833643481746284	0.06111687883280521	0.03931815014150402	0.020179206824104342	0.008021988568716078	0.002794264604079115	0.0010555664051912475
6.0	-15.0	-1.5	0.39634974550433405	0.5161303380594577	0.6194489158079027	0.7083231455112273	0.7954497083618628	0.8788890967443085	0.9421618155672938	0.976270723443343	0.9902411402142689	0.16384122973308074	0.1275308303780959	0.09989448182159924	0.07766295325076403	0.054954913366509886	0.03235379403930546	0.01498149249037746	0.005708965383625957	0.002097007950508241
1.0	-15.0	-2.0	0.5380143155896765	0.7036490050985996	0.8223974531460548	0.8970655317108696	0.9412461697943684	0.9667497534694933	0.9813110521225635	0.9894370072362041	0.9940982097270217	0.007217835440824456	0.002195229203461202	0.00041155419827773533	9.482404380644968e-5	2.9288135834971155e-5	9.21056458216067e-6	2.8523257730718843e-6	8.443463192602931e-7	2.867860579593348e-7
2.0	-15.0	-2.0	0.4260795665928618	0.5770356959710886	0.7150210696486551	0.8279056704780707	0.9072943486310497	0.9534958633800309	0.9766992371570208	0.9879879273795537	0.993596835937738	0.1289870820025701	0.09623283785135905	0.06658514477891157	0.04040353218342548	0.020549846047059436	0.009166293360015221	0.004044436360163456	0.001888493557875092	0.0009426354448048456
3.0	-15.0	-2.0	0.3850576999132393	0.5212744660111512	0.6678847479857731	0.8082479284515224	0.9059129185045114	0.9554336411633897	0.9777635820846223	0.9883245536285085	0.9937357476259077	0.16556085164804984	0.12421040638670175	0.08650008074910727	0.05150887172894625	0.025986679668133623	0.0122932673466036	0.006063597246551257	0.0031576011389852993	0.0016840511203364624
4.0	-15.0	-2.0	0.3580072844534054	0.46384933985572296	0.5608201030484541	0.6686905249662517	0.7914385107204298	0.8973115180135461	0.958036246335898	0.9827670597100032	0.9921302106717829	0.2444930813029516	0.21295017114176834	0.1797231256644375	0.13730453085832117	0.08536165977125884	0.03989207464051626	0.0147897257865435	0.005465772365245592	0.0023140858536314854
5.0	-15.0	-2.0	0.3494598987266757	0.45531588441298976	0.5529328559281236	0.6347837141804397	0.6931359138427788	0.7345387454497729	0.770524106654224	0.8095705131101902	0.8569451562671546	0.2137157647449972	0.18704856701697115	0.16130053060215133	0.1385876595751154	0.12144750471918311	0.10754034164961236	0.09388391559749755	0.07813567138460119	0.058630058968390915
6.0	-15.0	-2.0	0.3264467633548419	0.41269412830868896	0.48524051895302295	0.5489663477551681	0.6032146610744817	0.6452487954316661	0.6844650288064239	0.7311237325028527	0.7912277592519681	0.22374615291036973	0.19484340955528465	0.16684591580701935	0.14035119461922835	0.11898583347978275	0.10388224810332036	0.09117562433252493	0.07714750960578899	0.059666754622867586
1.0	-15.0	-2.5	0.4415526853533221	0.5898020708852749	0.7082180043369258	0.8058111093812389	0.8889257356140867	0.9466108359642832	0.9754292903712303	0.9878801848146952	0.9936145207782947	0.05513894981426201	0.04398315504933855	0.03275093008410355	0.019442257575560902	0.007501141031627477	0.0013032583673330785	4.6777397969635195e-5	2.042876936270663e-6	5.576251212670729e-7
2.0	-15.0	-2.5	0.3280464144994116	0.4258416598701696	0.5153641718564769	0.6032220338359449	0.7012067643268202	0.8068081159426267	0.8977206810606082	0.9567654338137632	0.9846436276215599	0.16073768948052572	0.1363357761893366	0.11444658722629904	0.0943205118766331	0.07478625743654864	0.05363825133905106	0.031185475017786516	0.013208046075625621	0.004101593598351039
3.0	-15.0	-2.5	0.30152655940328515	0.38486857858661505	0.4605677392571541	0.540727429154603	0.6434645873188154	0.7710499375134945	0.8911569717165566	0.9625462496104225	0.9880523138808559	0.17934781548133377	0.145776173629446	0.12044644198904539	0.09915040086637894	0.07636947683570325	0.049867131518794044	0.025043783444962782	0.009545570542615588	0.003260020935921677
4.0	-15.0	-2.5	0.2859501223406339	0.3661805078333084	0.43454612502932694	0.4859693581585287	0.5310836325525179	0.5918737785886923	0.6840254069031454	0.8029261926995084	0.9131713784089662	0.29121596643580644	0.25963630352531997	0.23383139759846644	0.21523874574218832	0.19915012463513285	0.17613144457621938	0.13774468575717447	0.08571983943084707	0.03708664622871376
5.0	-15.0	-2.5	0.2856481381506403	0.35811104512313924	0.4217247833651952	0.4799513271943594	0.5346322771337798	0.5871898733836203	0.6371755094577591	0.67674378041264	0.7044056995121617	0.26319807112146987	0.23964145762015815	0.21895208690553208	0.20051924321427356	0.1840820573357978	0.16922143714643104	0.15431834637030623	0.14048823795656354	0.128656649468915
6.0	-15.0	-2.5	0.2732531592539245	0.3421988717539558	0.4011005385179771	0.44933255246148346	0.488496313187838	0.5248123472256347	0.5616403018237156	0.5949751810310424	0.6215593487180866	0.26987369688510787	0.24161471658679112	0.21738672224573302	0.196903547949295	0.17797042302076793	0.15906463929459264	0.14059349161617973	0.12460649949452601	0.11249951537863984
1.0	-15.0	-3.0	0.3215733520371711	0.4160995608374514	0.48764052694959586	0.5422139719822997	0.5930406606362312	0.6605922795521753	0.7568451939118138	0.8683676898183625	0.9538324594065728	0.1261724109340991	0.11438880827278913	0.10285640364563431	0.0918186781723708	0.07978809059539532	0.06351030392011847	0.04236074079434843	0.020509101693484726	0.005573607553876295
2.0	-15.0	-3.0	0.2608578113235463	0.3225844705465202	0.37618701030033824	0.4280617375221012	0.4774455868189278	0.5281955335602075	0.5944713363715917	0.6859537223279385	0.794910656393682	0.18582858791196571	0.1654067000264944	0.14649520386971301	0.1288059853789644	0.11335043686949248	0.09973138624636987	0.08665210185009474	0.07290326439331585	0.05541602144554458
3.0	-15.0	-3.0	0.246820346935064	0.303497799273715	0.35375670432026207	0.40362648987994104	0.4521502129538021	0.5002464335088556	0.5611785774434421	0.6512455462983904	0.7713121598445072	0.1959084711193072	0.16837481751405003	0.14636842851186946	0.1272149645977403	0.11112435055215067	0.09812720433561434	0.08489100366956573	0.06691605282286099	0.04368776167742637
4.0	-15.0	-3.0	0.23670571729432263	0.29137471356560024	0.3406215089907702	0.39035166253147063	0.43771769640636393	0.4724440897752761	0.49648282679341643	0.5253297423064346	0.5726210910067278	0.3301831105229295	0.30404175452398435	0.2776310258019072	0.2518523436852059	0.22992451569972358	0.2163527851383958	0.2095906052153877	0.2010538535680909	0.18424475567028276
5.0	-15.0	-3.0	0.24041182339583111	0.29402662335809565	0.33965286430728464	0.3834377332264466	0.4257254357437655	0.46333435899313	0.4962916695358558	0.5322209305689674	0.5776041342515227	0.3028135855651434	0.2807926754313743	0.2604461071805174	0.2403694628137722	0.22192271828741486	0.20678627400922966	0.1957386995674408	0.18603115671242743	0.1743194879823649
6.0	-15.0	-3.0	0.231997695212807	0.28490937395132654	0.3302722237247141	0.37483631679042023	0.41997692822074045	0.4582997063430611	0.4857564887507803	0.5072989199532718	0.5308792977412857	0.31035343396138776	0.28505319591487166	0.2614845707740315	0.237691360916096	0.2151479619088031	0.1971207986865761	0.18361100107963987	0.17172564722576472	0.15860214268144923
1.0	-15.0	-3.5	0.24225121177014317	0.29719307927863553	0.3307157013672752	0.3625337759087389	0.4023958856017017	0.4444684833173346	0.48175568569457644	0.5216423304751622	0.5824580852981459	0.18043782624800142	0.17148663108277507	0.16263700043728754	0.15079826981723188	0.1368873865205829	0.12353316210868369	0.11240272450206376	0.10092659852581756	0.0846257832075104
2.0	-15.0	-3.5	0.21738077067339695	0.2614528011355246	0.29413547050601385	0.32629392792275386	0.36357514156494625	0.4054397123391987	0.4452067909397152	0.4798082110348639	0.5176413899455501	0.2065249227403435	0.18840219438943676	0.17347997382237199	0.15859615453288045	0.14344731166129704	0.12836484424613842	0.11500140127545821	0.10425214133235805	0.09460623563141374
3.0	-15.0	-3.5	0.21037236989188562	0.25346810621329846	0.28778346888214723	0.32141093302546986	0.3595281535139357	0.40341600668388744	0.44639001340462126	0.48129410042893606	0.5134686256922442	0.211807347443061	0.18797023385160244	0.17033696881980034	0.15475529170960522	0.13915597705516636	0.12297341966517422	0.108546799807648	0.0982531164185535	0.09081871860299698
4.0	-15.0	-3.5	0.2050122031627238	0.24747511248928955	0.28252696051393517	0.3144323091375922	0.34863596956901055	0.3900699642038825	0.4351534294535436	0.4717314740867944	0.49308340629348163	0.3550508433148188	0.33290680129867856	0.3116292812628945	0.29135399995837713	0.27087157915708043	0.24828390161323152	0.22588306634596128	0.21012700694380182	0.20377821449110917
5.0	-15.0	-3.5	0.2071188268802628	0.2502536243723187	0.28548665819764824	0.3175324622434057	0.3505844593954051	0.38750494156068965	0.42473440968706117	0.45583467849479803	0.47948848468922817	0.33527010844828725	0.3137720987882472	0.2953792576187385	0.2781118799833721	0.2600716254676197	0.24076816305674775	0.22238949526057994	0.20782640200237174	0.1980549186615735
6.0	-15.0	-3.5	0.20192907398983637	0.2450879735942255	0.28173756961627283	0.3134135264927329	0.34488566011131877	0.38276462714691734	0.42633211558452644	0.46599789248166734	0.4928735236510822	0.3408922200634883	0.31776633774846785	0.29742338558925085	0.27932417033540635	0.2607499135720121	0.2391369351603411	0.21591171936764253	0.19627591861634097	0.18343215044944478
1.0	-15.0	-4.0	0.19738510183580937	0.23736528988056538	0.2625716692811073	0.27845628197666034	0.29591703584222523	0.32131106468674514	0.35677054007493	0.39893267453206865	0.43738477316702	0.21729360893408792	0.20430228289047633	0.19531624760707972	0.1881499959310535	0.17970614124757966	0.1683978499153053	0.1540799547848673	0.13871750799186439	0.1259072902200022
2.0	-15.0	-4.0	0.18813065366962428	0.22494608007357247	0.2534698734319422	0.27653813531315924	0.29831902199779653	0.32209138057357245	0.3523859784375611	0.3907657604158731	0.4306953453580788	0.2256941203720169	0.20591858763301776	0.19083498452680975	0.17882412470823075	0.16825112907581347	0.15795205386495278	0.14590700143763063	0.13172113534723695	0.11795533228717817
3.0	-15.0	-4.0	0.18511399802898623	0.22157034571589906	0.25160804318443136	0.27733758259800817	0.30122800531948185	0.3264972647996136	0.35884197820347313	0.4009977646448573	0.4457973451547162	0.22765087782914445	0.20460281064899755	0.18718021016139713	0.17367660048283393	0.16237684006131797	0.1516327956147255	0.13898290773298166	0.12352451788450722	0.10825809933331093
4.0	-15.0	-4.0	0.1825027173445003	0.21843952485487333	0.24989839128577293	0.2772114544547939	0.30052065398418604	0.3220058316822696	0.34827650423653866	0.38469605296487863	0.42955075940422444	0.3749237561534719	0.3526047654236382	0.331889954914353	0.31377876186800946	0.29842934671861937	0.2848449247608785	0.26919865410883204	0.2486750772371195	0.22515662247579732
5.0	-15.0	-4.0	0.1831244321167846	0.21935405320921894	0.2510383751849764	0.2791916951688245	0.3040207443651842	0.3266988716945328	0.35281619369318	0.3866013179709401	0.42401100624297194	0.36266527944384425	0.3407468936472958	0.32134826812159667	0.3047255066907754	0.29040175297778636	0.27724498415069015	0.26223643742658054	0.2436594507633737	0.22408233080603163
6.0	-15.0	-4.0	0.18042863686374205	0.21632988167200562	0.24934159094001376	0.2790225624968957	0.30372955060710816	0.32455975076395804	0.34848346241272915	0.3820842041140526	0.42498855084203496	0.36570496572570055	0.3433152687507219	0.32268425420614283	0.30503540511228555	0.29069295298080855	0.2783081071272764	0.26391518281685467	0.24430751425495112	0.2204320445687788
1.0	-15.0	-4.5	0.17463033609552384	0.20636718920316643	0.23210742575100354	0.25159511342393753	0.26318401565220667	0.27185625634670646	0.2842089064208474	0.3043076157518098	0.3350249588975211	0.24059660567718671	0.22533903549408396	0.2116624908492308	0.2017751220756835	0.19599169340014425	0.19157322124580423	0.18549636197865277	0.17610979020476364	0.16277843500082786
2.0	-15.0	-4.5	0.17076389078295665	0.2015318123870058	0.2289383398039898	0.2534374174125875	0.2729801295660835	0.28897763561760687	0.30356092170995547	0.3203739951178241	0.34506301847278376	0.24070291292008889	0.2216292881939773	0.20481456603232784	0.19087359086725292	0.18066673224315927	0.1731276654168959	0.16680270510813808	0.1596797062892873	0.1496161169677287
3.0	-15.0	-4.5	0.16947246827522602	0.19999736330801843	0.2280387020478579	0.2540517493476423	0.2757914061911575	0.2934677621527989	0.3093926093757567	0.32796170382018786	0.35560988080735345	0.24064675687172513	0.22008553321654156	0.20218406234873726	0.18688777301097625	0.17534130640435983	0.1668526441471467	0.15989176453893733	0.15235352888036152	0.14159916660067517
4.0	-15.0	-4.5	0.16823633516651645	0.19844455253260965	0.22696625961957223	0.2545824187142614	0.2783888497000477	0.29714948445773254	0.31148612646481066	0.3256684427032892	0.3466058768889525	0.38998598136664764	0.36904899151623205	0.3480417152527709	0.3286026473853334	0.3125669055574161	0.3003737226212625	0.2913408913873371	0.2826240411897829	0.270051369783632
5.0	-15.0	-4.5	0.1683110634344009	0.19850408461820468	0.22690867645761212	0.25458575518065785	0.2792809251489924	0.3000385411190718	0.31638986351741233	0.33146752890069875	0.3524371196338381	0.382408231018137	0.3627001681683036	0.3430950816141864	0.3247801818256045	0.30933765483902675	0.29690143544384767	0.287229813829519	0.2781942448249408	0.26582286085891305
6.0	-15.0	-4.5	0.1670635497952146	0.19694995947202926	0.22581612174161797	0.2548060047836592	0.2809500466541677	0.30200137122988113	0.3173806302924327	0.3307399921121812	0.34963534918728284	0.38376321032336513	0.3639429535959641	0.34379278575273264	0.3245435835880851	0.3083432668825176	0.2959977445951873	0.2870396643794169	0.2789864654006821	0.26759292158421494
1.0	-15.0	-5.0	0.16361889664239201	0.19177319034347312	0.21641575706266247	0.23947283030622374	0.2573610406505714	0.2675568337715435	0.2726023360109198	0.27820474626382113	0.28767125404671123	0.2528766568492722	0.23743662257992898	0.22220157225430254	0.20902872434897624	0.1995921608611336	0.19448936163639977	0.19196185587049594	0.1891325925119915	0.18444295851323317
2.0	-15.0	-5.0	0.16182379115124612	0.18946769049623735	0.21461497753508263	0.23951813214305817	0.26161822210257624	0.27861862181665165	0.2912096737859937	0.3013044219114101	0.3106328917144366	0.24978977886222178	0.23227225956008066	0.2162957010505729	0.2013766644125745	0.1889611745522617	0.18010703570186637	0.17424560767502795	0.1699716278801306	0.1660052428737946
3.0	-15.0	-5.0	0.16120842992559914	0.18868374272451854	0.21400491172799943	0.2395348506731799	0.26282764114158913	0.28165261662226365	0.29553989875266706	0.30625251188005836	0.316308635254306	0.24889797527753393	0.23064948374114883	0.21445589812809668	0.19895332603667076	0.1855024431267715	0.1754213762187003	0.1686314875010077	0.16383285545542992	0.15963462267183742
4.0	-15.0	-5.0	0.16064440609036018	0.18791692585473588	0.21331233542028202	0.2393256770572837	0.2638910264996066	0.28474814518296376	0.30051517545155254	0.3115495028214037	0.31986623687988297	0.3987906675278637	0.37966808631375665	0.3602690562394775	0.34122085048244655	0.3238756556066793	0.30972053923461335	0.299521379318104	0.2927474757081636	0.2877150977249446
5.0	-15.0	-5.0	0.1605954407685757	0.18779959163708748	0.2130670978589163	0.23894677969889183	0.2635110153196194	0.2848712157864091	0.30229125894150244	0.3156171431094409	0.3253830488862411	0.3938342569694185	0.37633877989141223	0.3585658307456667	0.3405767856364494	0.32399930199191074	0.3103110564729429	0.29961816480123493	0.2915653176533188	0.2856033043292893
6.0	-15.0	-5.0	0.16002785603044803	0.18703429224089485	0.21238532560953174	0.2387499760745228	0.26448919304461704	0.2873310058974958	0.3054358304028911	0.3181982923189356	0.3269391476558036	0.39438033309651904	0.3768546255557071	0.358886152262984	0.34042645012164924	0.32305930924384435	0.3084951670914424	0.29764880334795313	0.290258211844762	0.2850977177789671
1.0	-15.0	-5.5	0.15778373519445887	0.18551739367128955	0.20977582834639835	0.2339784949661984	0.2559480730866988	0.27267512693842516	0.28215398974019734	0.28592228326681574	0.28844633624084065	0.25875325404170346	0.24279785167218226	0.22745926828525295	0.21338119821577814	0.20156899244404575	0.19303586575953277	0.18829328976091972	0.18641601971838528	0.18514808759873363
2.0	-15.0	-5.5	0.1568966120502919	0.18422342412905357	0.20848445779895944	0.2331313453392289	0.2565871028640715	0.2762270199398379	0.2904847068780025	0.2999111146031389	0.30691000203319885	0.25510809477639335	0.2377865795309537	0.22286513303517452	0.20854025487739214	0.19552341222221917	0.18488397067924373	0.17751890333698672	0.173095044344017	0.17017200962583356
3.0	-15.0	-5.5	0.15659379578592977	0.18378023492390833	0.20803990640048334	0.23284130301785888	0.2567619313217925	0.277374955780013	0.2929508424803534	0.3035391146888175	0.31077791232245816	0.2540677308176207	0.23628492970315076	0.22155375250207	0.20714695510541165	0.19361855202663508	0.1822403735956472	0.17398322468777785	0.16872938813057192	0.1654047344963693
4.0	-15.0	-5.5	0.15633546160222314	0.18338896270643565	0.2076248717011968	0.23252747748039895	0.2568924098821942	0.2784200104959982	0.29545226876434044	0.3076541447928269	0.3159235416184743	0.4035229102801383	0.38474274478967607	0.36658689288965784	0.34853783409110417	0.33158501780338123	0.3167728234134799	0.3052342543664587	0.2972600686907824	0.2922055870375843
5.0	-15.0	-5.5	0.15628509860136458	0.1832834823539372	0.2074419754899566	0.23227643894647138	0.2565663777092264	0.2780336954735223	0.29522679679783304	0.30835759244030714	0.31852006886963974	0.4001322056386627	0.3829353349976406	0.3664113959791928	0.34927963513076676	0.3328121131629004	0.31853550674889164	0.30751205170933793	0.2993970385236855	0.2931746718785823
6.0	-15.0	-5.5	0.15602654670958563	0.18289445553293543	0.20703527486812237	0.23198470882213723	0.2567065010035078	0.2790301683229305	0.297450274982281	0.31149219789812943	0.3214399961318351	0.400327961237471	0.3831284257627911	0.3665504774906781	0.34927303915554425	0.33247027395675355	0.31757450322149294	0.3057386482540239	0.29714572407628614	0.29130285541847445
