Data is arranged as: First row contains the number of isomorphism classes, deltaweak and deltastrong, Second row contains the number of trees per each isomorphism class, each subsequent row is the delta vectors for one of the isomorphism classes
16.0	-2.0	-15.0
12	32	24	4	16	16	8	8	4	20	8	8	16	12	2	2
-15.0	-15.0	-15.0	-15.0	-15.0	-2.0	-15.0	-2.0	-15.0	-15.0	-2.0	-2.0
-15.0	-15.0	-15.0	-15.0	-15.0	-2.0	-15.0	-2.0	-15.0	-2.0	-2.0	-15.0
-15.0	-15.0	-15.0	-15.0	-15.0	-2.0	-2.0	-2.0	-15.0	-15.0	-15.0	-2.0
-15.0	-15.0	-15.0	-2.0	-2.0	-15.0	-15.0	-15.0	-2.0	-15.0	-15.0	-2.0
-15.0	-15.0	-15.0	-2.0	-2.0	-15.0	-15.0	-15.0	-2.0	-2.0	-15.0	-15.0
-15.0	-15.0	-2.0	-2.0	-15.0	-15.0	-15.0	-15.0	-2.0	-2.0	-15.0	-15.0
-15.0	-2.0	-15.0	-2.0	-15.0	-15.0	-15.0	-15.0	-2.0	-15.0	-2.0	-15.0
-15.0	-2.0	-15.0	-2.0	-15.0	-15.0	-2.0	-15.0	-2.0	-15.0	-15.0	-15.0
-15.0	-2.0	-2.0	-15.0	-15.0	-2.0	-15.0	-2.0	-15.0	-15.0	-15.0	-15.0
-2.0	-15.0	-15.0	-15.0	-2.0	-2.0	-15.0	-2.0	-15.0	-15.0	-15.0	-15.0
-2.0	-15.0	-15.0	-2.0	-15.0	-15.0	-2.0	-15.0	-2.0	-15.0	-15.0	-15.0
-2.0	-15.0	-2.0	-15.0	-15.0	-2.0	-15.0	-2.0	-15.0	-15.0	-15.0	-15.0
-15.0	-15.0	-15.0	-15.0	-15.0	-2.0	-15.0	-2.0	-2.0	-15.0	-15.0	-2.0
-15.0	-15.0	-15.0	-15.0	-15.0	-2.0	-15.0	-2.0	-2.0	-15.0	-2.0	-15.0
-15.0	-15.0	-15.0	-15.0	-2.0	-2.0	-15.0	-15.0	-2.0	-15.0	-15.0	-2.0
-15.0	-15.0	-15.0	-15.0	-2.0	-2.0	-15.0	-15.0	-2.0	-15.0	-2.0	-15.0
-15.0	-15.0	-15.0	-15.0	-2.0	-2.0	-15.0	-2.0	-15.0	-15.0	-2.0	-15.0
-15.0	-15.0	-15.0	-2.0	-15.0	-15.0	-15.0	-2.0	-15.0	-2.0	-2.0	-15.0
-15.0	-15.0	-15.0	-2.0	-15.0	-15.0	-15.0	-2.0	-2.0	-2.0	-15.0	-15.0
-15.0	-15.0	-15.0	-2.0	-15.0	-2.0	-2.0	-15.0	-15.0	-15.0	-15.0	-2.0
-15.0	-15.0	-15.0	-2.0	-15.0	-2.0	-2.0	-15.0	-2.0	-15.0	-15.0	-15.0
-15.0	-15.0	-15.0	-2.0	-2.0	-15.0	-15.0	-15.0	-2.0	-15.0	-2.0	-15.0
-15.0	-15.0	-15.0	-2.0	-2.0	-15.0	-15.0	-2.0	-15.0	-15.0	-2.0	-15.0
-15.0	-15.0	-15.0	-2.0	-2.0	-15.0	-15.0	-2.0	-2.0	-15.0	-15.0	-15.0
-15.0	-15.0	-2.0	-15.0	-15.0	-2.0	-2.0	-15.0	-2.0	-15.0	-15.0	-15.0
-15.0	-15.0	-2.0	-15.0	-15.0	-2.0	-2.0	-2.0	-15.0	-15.0	-15.0	-15.0
-15.0	-15.0	-2.0	-2.0	-15.0	-15.0	-2.0	-15.0	-2.0	-15.0	-15.0	-15.0
-15.0	-15.0	-2.0	-2.0	-15.0	-15.0	-2.0	-2.0	-15.0	-15.0	-15.0	-15.0
-15.0	-15.0	-2.0	-2.0	-15.0	-2.0	-15.0	-15.0	-15.0	-2.0	-15.0	-15.0
-15.0	-15.0	-2.0	-2.0	-15.0	-2.0	-15.0	-2.0	-15.0	-15.0	-15.0	-15.0
-15.0	-2.0	-15.0	-15.0	-15.0	-15.0	-15.0	-2.0	-2.0	-15.0	-15.0	-2.0
-15.0	-2.0	-15.0	-15.0	-15.0	-15.0	-15.0	-2.0	-2.0	-15.0	-2.0	-15.0
-15.0	-2.0	-15.0	-15.0	-15.0	-2.0	-15.0	-2.0	-15.0	-15.0	-15.0	-2.0
-15.0	-2.0	-15.0	-2.0	-15.0	-15.0	-15.0	-15.0	-2.0	-15.0	-15.0	-2.0
-15.0	-2.0	-15.0	-2.0	-15.0	-2.0	-15.0	-15.0	-15.0	-15.0	-15.0	-2.0
-15.0	-2.0	-15.0	-2.0	-15.0	-2.0	-15.0	-15.0	-2.0	-15.0	-15.0	-15.0
-15.0	-2.0	-2.0	-15.0	-15.0	-2.0	-15.0	-15.0	-2.0	-15.0	-15.0	-15.0
-2.0	-15.0	-15.0	-15.0	-15.0	-15.0	-15.0	-2.0	-2.0	-2.0	-15.0	-15.0
-2.0	-15.0	-15.0	-15.0	-15.0	-2.0	-15.0	-2.0	-15.0	-2.0	-15.0	-15.0
-2.0	-15.0	-15.0	-15.0	-2.0	-15.0	-15.0	-2.0	-2.0	-15.0	-15.0	-15.0
-2.0	-15.0	-15.0	-2.0	-15.0	-15.0	-15.0	-15.0	-2.0	-2.0	-15.0	-15.0
-2.0	-15.0	-15.0	-2.0	-15.0	-15.0	-2.0	-2.0	-15.0	-15.0	-15.0	-15.0
-2.0	-15.0	-15.0	-2.0	-15.0	-2.0	-15.0	-15.0	-15.0	-2.0	-15.0	-15.0
-2.0	-15.0	-15.0	-2.0	-15.0	-2.0	-15.0	-2.0	-15.0	-15.0	-15.0	-15.0
-15.0	-15.0	-15.0	-15.0	-15.0	-2.0	-15.0	-2.0	-2.0	-2.0	-15.0	-15.0
-15.0	-15.0	-15.0	-15.0	-15.0	-2.0	-2.0	-2.0	-2.0	-15.0	-15.0	-15.0
-15.0	-15.0	-15.0	-15.0	-2.0	-2.0	-15.0	-15.0	-2.0	-2.0	-15.0	-15.0
-15.0	-15.0	-15.0	-15.0	-2.0	-2.0	-2.0	-15.0	-2.0	-15.0	-15.0	-15.0
-15.0	-15.0	-15.0	-2.0	-15.0	-15.0	-15.0	-2.0	-15.0	-15.0	-2.0	-2.0
-15.0	-15.0	-15.0	-2.0	-15.0	-15.0	-15.0	-2.0	-2.0	-15.0	-15.0	-2.0
-15.0	-15.0	-15.0	-2.0	-15.0	-2.0	-15.0	-15.0	-15.0	-15.0	-2.0	-2.0
-15.0	-15.0	-15.0	-2.0	-15.0	-2.0	-15.0	-15.0	-2.0	-15.0	-2.0	-15.0
-15.0	-15.0	-15.0	-2.0	-2.0	-15.0	-2.0	-2.0	-15.0	-15.0	-15.0	-15.0
-15.0	-15.0	-15.0	-2.0	-2.0	-2.0	-15.0	-15.0	-15.0	-2.0	-15.0	-15.0
-15.0	-15.0	-15.0	-2.0	-2.0	-2.0	-15.0	-2.0	-15.0	-15.0	-15.0	-15.0
-15.0	-15.0	-2.0	-15.0	-15.0	-2.0	-15.0	-15.0	-2.0	-15.0	-2.0	-15.0
-15.0	-15.0	-2.0	-2.0	-15.0	-15.0	-15.0	-2.0	-15.0	-15.0	-2.0	-15.0
-15.0	-15.0	-2.0	-2.0	-15.0	-15.0	-15.0	-2.0	-2.0	-15.0	-15.0	-15.0
-15.0	-2.0	-15.0	-15.0	-15.0	-15.0	-15.0	-2.0	-2.0	-2.0	-15.0	-15.0
-15.0	-2.0	-15.0	-15.0	-15.0	-15.0	-2.0	-2.0	-2.0	-15.0	-15.0	-15.0
-15.0	-2.0	-15.0	-2.0	-15.0	-15.0	-2.0	-2.0	-15.0	-15.0	-15.0	-15.0
-15.0	-2.0	-15.0	-2.0	-15.0	-2.0	-15.0	-15.0	-15.0	-2.0	-15.0	-15.0
-15.0	-2.0	-15.0	-2.0	-15.0	-2.0	-15.0	-2.0	-15.0	-15.0	-15.0	-15.0
-2.0	-15.0	-15.0	-15.0	-15.0	-15.0	-15.0	-2.0	-2.0	-15.0	-15.0	-2.0
-2.0	-15.0	-15.0	-2.0	-15.0	-2.0	-15.0	-15.0	-15.0	-15.0	-15.0	-2.0
-2.0	-15.0	-15.0	-2.0	-15.0	-2.0	-15.0	-15.0	-2.0	-15.0	-15.0	-15.0
-2.0	-15.0	-2.0	-15.0	-15.0	-15.0	-15.0	-2.0	-2.0	-15.0	-15.0	-15.0
-2.0	-15.0	-2.0	-15.0	-15.0	-2.0	-15.0	-15.0	-2.0	-15.0	-15.0	-15.0
-15.0	-15.0	-15.0	-15.0	-15.0	-2.0	-2.0	-2.0	-15.0	-2.0	-15.0	-15.0
-15.0	-15.0	-2.0	-2.0	-15.0	-15.0	-15.0	-15.0	-2.0	-15.0	-15.0	-2.0
-15.0	-2.0	-15.0	-15.0	-2.0	-2.0	-15.0	-2.0	-15.0	-15.0	-15.0	-15.0
-2.0	-15.0	-15.0	-2.0	-15.0	-15.0	-15.0	-15.0	-2.0	-15.0	-2.0	-15.0
-15.0	-15.0	-15.0	-15.0	-2.0	-2.0	-15.0	-15.0	-15.0	-15.0	-2.0	-2.0
-15.0	-15.0	-15.0	-15.0	-2.0	-2.0	-15.0	-15.0	-15.0	-2.0	-2.0	-15.0
-15.0	-15.0	-15.0	-2.0	-2.0	-15.0	-15.0	-15.0	-15.0	-15.0	-2.0	-2.0
-15.0	-15.0	-15.0	-2.0	-2.0	-15.0	-15.0	-15.0	-15.0	-2.0	-2.0	-15.0
-15.0	-2.0	-15.0	-15.0	-15.0	-15.0	-15.0	-2.0	-15.0	-15.0	-2.0	-2.0
-15.0	-2.0	-15.0	-15.0	-15.0	-15.0	-2.0	-2.0	-15.0	-15.0	-15.0	-2.0
-15.0	-2.0	-15.0	-2.0	-15.0	-15.0	-15.0	-15.0	-15.0	-15.0	-2.0	-2.0
-15.0	-2.0	-15.0	-2.0	-15.0	-15.0	-2.0	-15.0	-15.0	-15.0	-15.0	-2.0
-15.0	-2.0	-2.0	-15.0	-15.0	-15.0	-2.0	-15.0	-2.0	-15.0	-15.0	-15.0
-15.0	-2.0	-2.0	-15.0	-15.0	-15.0	-2.0	-2.0	-15.0	-15.0	-15.0	-15.0
-2.0	-15.0	-15.0	-15.0	-2.0	-15.0	-15.0	-15.0	-2.0	-2.0	-15.0	-15.0
-2.0	-15.0	-15.0	-15.0	-2.0	-2.0	-15.0	-15.0	-15.0	-2.0	-15.0	-15.0
-2.0	-15.0	-2.0	-15.0	-15.0	-15.0	-15.0	-15.0	-2.0	-2.0	-15.0	-15.0
-2.0	-15.0	-2.0	-15.0	-15.0	-15.0	-2.0	-15.0	-2.0	-15.0	-15.0	-15.0
-2.0	-15.0	-2.0	-15.0	-15.0	-15.0	-2.0	-2.0	-15.0	-15.0	-15.0	-15.0
-2.0	-15.0	-2.0	-15.0	-15.0	-2.0	-15.0	-15.0	-15.0	-2.0	-15.0	-15.0
-15.0	-15.0	-15.0	-15.0	-2.0	-2.0	-15.0	-2.0	-2.0	-15.0	-15.0	-15.0
-15.0	-15.0	-15.0	-2.0	-15.0	-15.0	-15.0	-2.0	-2.0	-15.0	-2.0	-15.0
-15.0	-15.0	-15.0	-2.0	-15.0	-15.0	-2.0	-2.0	-15.0	-2.0	-15.0	-15.0
-15.0	-15.0	-15.0	-2.0	-15.0	-2.0	-15.0	-15.0	-2.0	-15.0	-15.0	-2.0
-15.0	-15.0	-15.0	-2.0	-15.0	-2.0	-15.0	-2.0	-15.0	-2.0	-15.0	-15.0
-15.0	-15.0	-15.0	-2.0	-15.0	-2.0	-2.0	-15.0	-15.0	-2.0	-15.0	-15.0
-15.0	-15.0	-15.0	-2.0	-15.0	-2.0	-2.0	-2.0	-15.0	-15.0	-15.0	-15.0
-15.0	-15.0	-2.0	-15.0	-15.0	-2.0	-15.0	-15.0	-2.0	-15.0	-15.0	-2.0
-15.0	-15.0	-2.0	-2.0	-15.0	-2.0	-15.0	-15.0	-15.0	-15.0	-15.0	-2.0
-15.0	-15.0	-2.0	-2.0	-15.0	-2.0	-15.0	-15.0	-2.0	-15.0	-15.0	-15.0
-15.0	-2.0	-15.0	-15.0	-15.0	-2.0	-15.0	-2.0	-2.0	-15.0	-15.0	-15.0
-15.0	-2.0	-15.0	-15.0	-2.0	-15.0	-15.0	-2.0	-2.0	-15.0	-15.0	-15.0
-15.0	-2.0	-15.0	-15.0	-2.0	-2.0	-15.0	-15.0	-2.0	-15.0	-15.0	-15.0
-2.0	-15.0	-15.0	-15.0	-15.0	-15.0	-15.0	-2.0	-2.0	-15.0	-2.0	-15.0
-2.0	-15.0	-15.0	-2.0	-15.0	-15.0	-15.0	-2.0	-15.0	-15.0	-2.0	-15.0
-2.0	-15.0	-15.0	-2.0	-15.0	-15.0	-15.0	-2.0	-2.0	-15.0	-15.0	-15.0
-15.0	-15.0	-15.0	-15.0	-2.0	-2.0	-2.0	-15.0	-15.0	-15.0	-15.0	-2.0
-15.0	-15.0	-2.0	-2.0	-15.0	-15.0	-15.0	-15.0	-15.0	-2.0	-2.0	-15.0
-15.0	-2.0	-15.0	-15.0	-15.0	-15.0	-15.0	-2.0	-15.0	-2.0	-2.0	-15.0
-15.0	-2.0	-2.0	-15.0	-15.0	-15.0	-15.0	-15.0	-2.0	-15.0	-2.0	-15.0
-15.0	-2.0	-2.0	-15.0	-15.0	-2.0	-15.0	-15.0	-15.0	-2.0	-15.0	-15.0
-2.0	-15.0	-15.0	-15.0	-2.0	-15.0	-15.0	-15.0	-2.0	-15.0	-15.0	-2.0
-2.0	-15.0	-15.0	-15.0	-2.0	-15.0	-2.0	-2.0	-15.0	-15.0	-15.0	-15.0
-2.0	-15.0	-15.0	-2.0	-15.0	-15.0	-2.0	-15.0	-15.0	-15.0	-15.0	-2.0
-15.0	-15.0	-15.0	-15.0	-2.0	-2.0	-2.0	-15.0	-15.0	-2.0	-15.0	-15.0
-15.0	-15.0	-2.0	-2.0	-15.0	-15.0	-15.0	-15.0	-15.0	-15.0	-2.0	-2.0
-15.0	-2.0	-15.0	-15.0	-15.0	-15.0	-2.0	-2.0	-15.0	-2.0	-15.0	-15.0
-15.0	-2.0	-15.0	-15.0	-2.0	-15.0	-2.0	-2.0	-15.0	-15.0	-15.0	-15.0
-15.0	-2.0	-15.0	-15.0	-2.0	-2.0	-15.0	-15.0	-15.0	-2.0	-15.0	-15.0
-2.0	-15.0	-15.0	-2.0	-15.0	-15.0	-15.0	-15.0	-15.0	-15.0	-2.0	-2.0
-2.0	-15.0	-2.0	-15.0	-15.0	-15.0	-15.0	-15.0	-2.0	-15.0	-15.0	-2.0
-2.0	-15.0	-2.0	-15.0	-15.0	-15.0	-15.0	-15.0	-2.0	-15.0	-2.0	-15.0
-15.0	-15.0	-15.0	-15.0	-2.0	-2.0	-2.0	-2.0	-15.0	-15.0	-15.0	-15.0
-15.0	-15.0	-2.0	-2.0	-15.0	-15.0	-15.0	-15.0	-2.0	-15.0	-2.0	-15.0
-15.0	-2.0	-15.0	-15.0	-15.0	-2.0	-15.0	-2.0	-15.0	-2.0	-15.0	-15.0
-2.0	-15.0	-15.0	-2.0	-15.0	-15.0	-15.0	-15.0	-2.0	-15.0	-15.0	-2.0
-15.0	-15.0	-15.0	-2.0	-15.0	-15.0	-2.0	-2.0	-15.0	-15.0	-15.0	-2.0
-15.0	-15.0	-15.0	-2.0	-15.0	-15.0	-2.0	-2.0	-2.0	-15.0	-15.0	-15.0
-15.0	-15.0	-15.0	-2.0	-15.0	-2.0	-15.0	-15.0	-15.0	-2.0	-2.0	-15.0
-15.0	-15.0	-15.0	-2.0	-15.0	-2.0	-15.0	-15.0	-2.0	-2.0	-15.0	-15.0
-15.0	-15.0	-15.0	-2.0	-15.0	-2.0	-15.0	-2.0	-15.0	-15.0	-15.0	-2.0
-15.0	-15.0	-15.0	-2.0	-15.0	-2.0	-15.0	-2.0	-15.0	-15.0	-2.0	-15.0
-15.0	-15.0	-15.0	-2.0	-2.0	-15.0	-2.0	-15.0	-2.0	-15.0	-15.0	-15.0
-15.0	-15.0	-15.0	-2.0	-2.0	-2.0	-15.0	-15.0	-15.0	-15.0	-15.0	-2.0
-15.0	-15.0	-15.0	-2.0	-2.0	-2.0	-15.0	-15.0	-2.0	-15.0	-15.0	-15.0
-15.0	-15.0	-2.0	-15.0	-15.0	-2.0	-15.0	-15.0	-2.0	-2.0	-15.0	-15.0
-15.0	-15.0	-2.0	-15.0	-15.0	-2.0	-15.0	-2.0	-15.0	-15.0	-2.0	-15.0
-15.0	-15.0	-2.0	-15.0	-15.0	-2.0	-15.0	-2.0	-2.0	-15.0	-15.0	-15.0
-15.0	-2.0	-15.0	-2.0	-15.0	-15.0	-15.0	-15.0	-2.0	-2.0	-15.0	-15.0
-15.0	-2.0	-15.0	-2.0	-15.0	-15.0	-15.0	-2.0	-15.0	-15.0	-2.0	-15.0
-15.0	-2.0	-15.0	-2.0	-15.0	-15.0	-15.0	-2.0	-2.0	-15.0	-15.0	-15.0
-15.0	-2.0	-2.0	-15.0	-15.0	-15.0	-15.0	-2.0	-2.0	-15.0	-15.0	-15.0
-2.0	-15.0	-15.0	-15.0	-15.0	-15.0	-2.0	-2.0	-2.0	-15.0	-15.0	-15.0
-2.0	-15.0	-15.0	-15.0	-15.0	-2.0	-15.0	-2.0	-15.0	-15.0	-15.0	-2.0
-2.0	-15.0	-15.0	-15.0	-15.0	-2.0	-15.0	-2.0	-2.0	-15.0	-15.0	-15.0
-2.0	-15.0	-15.0	-15.0	-2.0	-2.0	-15.0	-15.0	-2.0	-15.0	-15.0	-15.0
-15.0	-15.0	-15.0	-2.0	-2.0	-15.0	-2.0	-15.0	-15.0	-15.0	-15.0	-2.0
-15.0	-15.0	-2.0	-15.0	-15.0	-2.0	-15.0	-15.0	-15.0	-2.0	-2.0	-15.0
-15.0	-2.0	-15.0	-2.0	-15.0	-15.0	-15.0	-15.0	-15.0	-2.0	-2.0	-15.0
-15.0	-2.0	-2.0	-15.0	-15.0	-15.0	-15.0	-15.0	-2.0	-2.0	-15.0	-15.0
-15.0	-2.0	-2.0	-15.0	-15.0	-15.0	-15.0	-2.0	-15.0	-15.0	-2.0	-15.0
-2.0	-15.0	-15.0	-15.0	-15.0	-15.0	-2.0	-2.0	-15.0	-15.0	-15.0	-2.0
-2.0	-15.0	-15.0	-15.0	-2.0	-15.0	-2.0	-15.0	-2.0	-15.0	-15.0	-15.0
-2.0	-15.0	-15.0	-15.0	-2.0	-2.0	-15.0	-15.0	-15.0	-15.0	-15.0	-2.0
-15.0	-15.0	-15.0	-2.0	-2.0	-15.0	-2.0	-15.0	-15.0	-2.0	-15.0	-15.0
-15.0	-15.0	-2.0	-15.0	-15.0	-2.0	-15.0	-15.0	-15.0	-15.0	-2.0	-2.0
-15.0	-2.0	-15.0	-15.0	-2.0	-15.0	-15.0	-15.0	-2.0	-2.0	-15.0	-15.0
-15.0	-2.0	-15.0	-15.0	-2.0	-15.0	-2.0	-15.0	-2.0	-15.0	-15.0	-15.0
-15.0	-2.0	-15.0	-2.0	-15.0	-15.0	-2.0	-15.0	-15.0	-2.0	-15.0	-15.0
-2.0	-15.0	-15.0	-15.0	-15.0	-15.0	-15.0	-2.0	-15.0	-15.0	-2.0	-2.0
-2.0	-15.0	-2.0	-15.0	-15.0	-15.0	-15.0	-2.0	-15.0	-15.0	-2.0	-15.0
-2.0	-15.0	-2.0	-15.0	-15.0	-2.0	-15.0	-15.0	-15.0	-15.0	-15.0	-2.0
-15.0	-15.0	-2.0	-15.0	-15.0	-2.0	-2.0	-15.0	-15.0	-15.0	-15.0	-2.0
-15.0	-15.0	-2.0	-15.0	-15.0	-2.0	-2.0	-15.0	-15.0	-2.0	-15.0	-15.0
-15.0	-15.0	-2.0	-2.0	-15.0	-15.0	-2.0	-15.0	-15.0	-15.0	-15.0	-2.0
-15.0	-15.0	-2.0	-2.0	-15.0	-15.0	-2.0	-15.0	-15.0	-2.0	-15.0	-15.0
-15.0	-2.0	-15.0	-15.0	-2.0	-15.0	-15.0	-15.0	-2.0	-15.0	-15.0	-2.0
-15.0	-2.0	-15.0	-15.0	-2.0	-15.0	-15.0	-15.0	-2.0	-15.0	-2.0	-15.0
-15.0	-2.0	-15.0	-15.0	-2.0	-15.0	-15.0	-2.0	-15.0	-15.0	-2.0	-15.0
-15.0	-2.0	-15.0	-15.0	-2.0	-2.0	-15.0	-15.0	-15.0	-15.0	-15.0	-2.0
-15.0	-2.0	-2.0	-15.0	-15.0	-15.0	-15.0	-15.0	-2.0	-15.0	-15.0	-2.0
-15.0	-2.0	-2.0	-15.0	-15.0	-2.0	-15.0	-15.0	-15.0	-15.0	-15.0	-2.0
-2.0	-15.0	-15.0	-15.0	-15.0	-15.0	-15.0	-2.0	-15.0	-2.0	-2.0	-15.0
-2.0	-15.0	-15.0	-15.0	-15.0	-15.0	-2.0	-2.0	-15.0	-2.0	-15.0	-15.0
-2.0	-15.0	-15.0	-15.0	-2.0	-15.0	-15.0	-15.0	-2.0	-15.0	-2.0	-15.0
-2.0	-15.0	-15.0	-15.0	-2.0	-15.0	-15.0	-2.0	-15.0	-15.0	-2.0	-15.0
-2.0	-15.0	-15.0	-2.0	-15.0	-15.0	-15.0	-15.0	-15.0	-2.0	-2.0	-15.0
-2.0	-15.0	-15.0	-2.0	-15.0	-15.0	-2.0	-15.0	-15.0	-2.0	-15.0	-15.0
-15.0	-2.0	-15.0	-15.0	-2.0	-15.0	-15.0	-15.0	-15.0	-15.0	-2.0	-2.0
-15.0	-2.0	-15.0	-15.0	-2.0	-15.0	-15.0	-15.0	-15.0	-2.0	-2.0	-15.0
-15.0	-2.0	-15.0	-15.0	-2.0	-15.0	-2.0	-15.0	-15.0	-15.0	-15.0	-2.0
-15.0	-2.0	-2.0	-15.0	-15.0	-15.0	-15.0	-15.0	-15.0	-15.0	-2.0	-2.0
-15.0	-2.0	-2.0	-15.0	-15.0	-15.0	-2.0	-15.0	-15.0	-15.0	-15.0	-2.0
-15.0	-2.0	-2.0	-15.0	-15.0	-15.0	-2.0	-15.0	-15.0	-2.0	-15.0	-15.0
-2.0	-15.0	-15.0	-15.0	-2.0	-15.0	-15.0	-15.0	-15.0	-15.0	-2.0	-2.0
-2.0	-15.0	-15.0	-15.0	-2.0	-15.0	-15.0	-15.0	-15.0	-2.0	-2.0	-15.0
-2.0	-15.0	-15.0	-15.0	-2.0	-15.0	-2.0	-15.0	-15.0	-2.0	-15.0	-15.0
-2.0	-15.0	-2.0	-15.0	-15.0	-15.0	-15.0	-15.0	-15.0	-2.0	-2.0	-15.0
-2.0	-15.0	-2.0	-15.0	-15.0	-15.0	-2.0	-15.0	-15.0	-15.0	-15.0	-2.0
-2.0	-15.0	-2.0	-15.0	-15.0	-15.0	-2.0	-15.0	-15.0	-2.0	-15.0	-15.0
-15.0	-2.0	-15.0	-15.0	-2.0	-15.0	-2.0	-15.0	-15.0	-2.0	-15.0	-15.0
-2.0	-15.0	-2.0	-15.0	-15.0	-15.0	-15.0	-15.0	-15.0	-15.0	-2.0	-2.0
-15.0	-2.0	-2.0	-15.0	-15.0	-15.0	-15.0	-15.0	-15.0	-2.0	-2.0	-15.0
-2.0	-15.0	-15.0	-15.0	-2.0	-15.0	-2.0	-15.0	-15.0	-15.0	-15.0	-2.0
