Data is arranged as: First row contains the number of isomorphism classes, deltaweak and deltastrong, Second row contains the number of trees per each isomorphism class, each subsequent row is the delta vectors for one of the isomorphism classes
11.0	-2.0	-15.0
1	12	36	12	6	96	36	22	36	60	3
-15.0	-15.0	-15.0	-15.0	-15.0	-15.0	-2.0	-2.0	-2.0	-2.0	-2.0	-2.0
-15.0	-15.0	-15.0	-15.0	-15.0	-2.0	-2.0	-15.0	-2.0	-2.0	-2.0	-2.0
-15.0	-15.0	-15.0	-15.0	-15.0	-2.0	-2.0	-2.0	-2.0	-2.0	-2.0	-15.0
-15.0	-15.0	-15.0	-15.0	-2.0	-15.0	-2.0	-2.0	-2.0	-2.0	-15.0	-2.0
-15.0	-15.0	-15.0	-15.0	-2.0	-15.0	-2.0	-2.0	-2.0	-2.0	-2.0	-15.0
-15.0	-15.0	-15.0	-2.0	-15.0	-15.0	-2.0	-2.0	-2.0	-15.0	-2.0	-2.0
-15.0	-15.0	-15.0	-2.0	-15.0	-15.0	-2.0	-2.0	-2.0	-2.0	-15.0	-2.0
-15.0	-15.0	-2.0	-15.0	-15.0	-15.0	-2.0	-2.0	-15.0	-2.0	-2.0	-2.0
-15.0	-15.0	-2.0	-15.0	-15.0	-15.0	-2.0	-2.0	-2.0	-15.0	-2.0	-2.0
-15.0	-2.0	-15.0	-15.0	-15.0	-15.0	-15.0	-2.0	-2.0	-2.0	-2.0	-2.0
-15.0	-2.0	-15.0	-15.0	-15.0	-15.0	-2.0	-2.0	-15.0	-2.0	-2.0	-2.0
-2.0	-15.0	-15.0	-15.0	-15.0	-15.0	-15.0	-2.0	-2.0	-2.0	-2.0	-2.0
-2.0	-15.0	-15.0	-15.0	-15.0	-15.0	-2.0	-15.0	-2.0	-2.0	-2.0	-2.0
-15.0	-15.0	-15.0	-15.0	-2.0	-2.0	-2.0	-15.0	-2.0	-2.0	-15.0	-2.0
-15.0	-15.0	-15.0	-2.0	-15.0	-2.0	-2.0	-15.0	-2.0	-15.0	-2.0	-2.0
-15.0	-15.0	-15.0	-2.0	-15.0	-2.0	-2.0	-15.0	-2.0	-2.0	-15.0	-2.0
-15.0	-15.0	-15.0	-2.0	-15.0	-2.0	-2.0	-2.0	-2.0	-15.0	-2.0	-15.0
-15.0	-15.0	-15.0	-2.0	-2.0	-15.0	-2.0	-2.0	-2.0	-15.0	-2.0	-15.0
-15.0	-15.0	-2.0	-15.0	-15.0	-2.0	-2.0	-15.0	-15.0	-2.0	-2.0	-2.0
-15.0	-15.0	-2.0	-15.0	-15.0	-2.0	-2.0	-15.0	-2.0	-15.0	-2.0	-2.0
-15.0	-15.0	-2.0	-15.0	-15.0	-2.0	-2.0	-2.0	-15.0	-2.0	-2.0	-15.0
-15.0	-15.0	-2.0	-15.0	-15.0	-2.0	-2.0	-2.0	-2.0	-15.0	-2.0	-15.0
-15.0	-15.0	-2.0	-15.0	-2.0	-15.0	-2.0	-2.0	-15.0	-2.0	-15.0	-2.0
-15.0	-15.0	-2.0	-15.0	-2.0	-15.0	-2.0	-2.0	-15.0	-2.0	-2.0	-15.0
-15.0	-15.0	-2.0	-15.0	-2.0	-15.0	-2.0	-2.0	-2.0	-15.0	-2.0	-15.0
-15.0	-15.0	-2.0	-2.0	-15.0	-15.0	-2.0	-2.0	-15.0	-2.0	-15.0	-2.0
-15.0	-2.0	-15.0	-15.0	-15.0	-2.0	-15.0	-2.0	-2.0	-2.0	-2.0	-15.0
-15.0	-2.0	-15.0	-15.0	-15.0	-2.0	-2.0	-15.0	-15.0	-2.0	-2.0	-2.0
-15.0	-2.0	-15.0	-15.0	-15.0	-2.0	-2.0	-2.0	-15.0	-2.0	-2.0	-15.0
-15.0	-2.0	-15.0	-15.0	-2.0	-15.0	-15.0	-2.0	-2.0	-2.0	-15.0	-2.0
-15.0	-2.0	-15.0	-15.0	-2.0	-15.0	-15.0	-2.0	-2.0	-2.0	-2.0	-15.0
-15.0	-2.0	-15.0	-15.0	-2.0	-15.0	-2.0	-2.0	-15.0	-2.0	-15.0	-2.0
-15.0	-2.0	-15.0	-15.0	-2.0	-15.0	-2.0	-2.0	-15.0	-2.0	-2.0	-15.0
-15.0	-2.0	-15.0	-2.0	-15.0	-15.0	-15.0	-2.0	-2.0	-15.0	-2.0	-2.0
-15.0	-2.0	-15.0	-2.0	-15.0	-15.0	-15.0	-2.0	-2.0	-2.0	-15.0	-2.0
-15.0	-2.0	-15.0	-2.0	-15.0	-15.0	-2.0	-2.0	-15.0	-2.0	-15.0	-2.0
-15.0	-2.0	-2.0	-15.0	-15.0	-15.0	-15.0	-2.0	-2.0	-15.0	-2.0	-2.0
-2.0	-15.0	-15.0	-15.0	-15.0	-2.0	-15.0	-2.0	-2.0	-2.0	-2.0	-15.0
-2.0	-15.0	-15.0	-15.0	-2.0	-15.0	-15.0	-2.0	-2.0	-2.0	-15.0	-2.0
-2.0	-15.0	-15.0	-15.0	-2.0	-15.0	-15.0	-2.0	-2.0	-2.0	-2.0	-15.0
-2.0	-15.0	-15.0	-15.0	-2.0	-15.0	-2.0	-15.0	-2.0	-2.0	-15.0	-2.0
-2.0	-15.0	-15.0	-2.0	-15.0	-15.0	-15.0	-2.0	-2.0	-15.0	-2.0	-2.0
-2.0	-15.0	-15.0	-2.0	-15.0	-15.0	-15.0	-2.0	-2.0	-2.0	-15.0	-2.0
-2.0	-15.0	-15.0	-2.0	-15.0	-15.0	-2.0	-15.0	-2.0	-15.0	-2.0	-2.0
-2.0	-15.0	-15.0	-2.0	-15.0	-15.0	-2.0	-15.0	-2.0	-2.0	-15.0	-2.0
-2.0	-15.0	-2.0	-15.0	-15.0	-15.0	-15.0	-2.0	-2.0	-15.0	-2.0	-2.0
-2.0	-15.0	-2.0	-15.0	-15.0	-15.0	-2.0	-15.0	-15.0	-2.0	-2.0	-2.0
-2.0	-15.0	-2.0	-15.0	-15.0	-15.0	-2.0	-15.0	-2.0	-15.0	-2.0	-2.0
-2.0	-2.0	-15.0	-15.0	-15.0	-15.0	-2.0	-15.0	-15.0	-2.0	-2.0	-2.0
-15.0	-15.0	-15.0	-15.0	-2.0	-2.0	-2.0	-15.0	-2.0	-2.0	-2.0	-15.0
-15.0	-15.0	-15.0	-15.0	-2.0	-2.0	-2.0	-2.0	-2.0	-2.0	-15.0	-15.0
-15.0	-15.0	-15.0	-2.0	-2.0	-15.0	-2.0	-2.0	-2.0	-15.0	-15.0	-2.0
-15.0	-15.0	-15.0	-2.0	-2.0	-15.0	-2.0	-2.0	-2.0	-2.0	-15.0	-15.0
-15.0	-15.0	-2.0	-2.0	-15.0	-15.0	-2.0	-2.0	-15.0	-15.0	-2.0	-2.0
-15.0	-15.0	-2.0	-2.0	-15.0	-15.0	-2.0	-2.0	-2.0	-15.0	-15.0	-2.0
-15.0	-2.0	-2.0	-15.0	-15.0	-15.0	-15.0	-2.0	-15.0	-2.0	-2.0	-2.0
-15.0	-2.0	-2.0	-15.0	-15.0	-15.0	-2.0	-2.0	-15.0	-15.0	-2.0	-2.0
-2.0	-15.0	-15.0	-15.0	-15.0	-2.0	-15.0	-15.0	-2.0	-2.0	-2.0	-2.0
-2.0	-15.0	-15.0	-15.0	-15.0	-2.0	-2.0	-15.0	-2.0	-2.0	-2.0	-15.0
-2.0	-2.0	-15.0	-15.0	-15.0	-15.0	-15.0	-15.0	-2.0	-2.0	-2.0	-2.0
-2.0	-2.0	-15.0	-15.0	-15.0	-15.0	-15.0	-2.0	-15.0	-2.0	-2.0	-2.0
-15.0	-15.0	-15.0	-2.0	-15.0	-2.0	-2.0	-2.0	-2.0	-2.0	-15.0	-15.0
-15.0	-15.0	-2.0	-15.0	-2.0	-15.0	-2.0	-2.0	-2.0	-15.0	-15.0	-2.0
-15.0	-2.0	-15.0	-15.0	-15.0	-2.0	-15.0	-15.0	-2.0	-2.0	-2.0	-2.0
-15.0	-2.0	-15.0	-2.0	-15.0	-15.0	-2.0	-2.0	-15.0	-15.0	-2.0	-2.0
-2.0	-15.0	-15.0	-15.0	-2.0	-15.0	-2.0	-15.0	-2.0	-2.0	-2.0	-15.0
-2.0	-15.0	-2.0	-15.0	-15.0	-15.0	-15.0	-2.0	-15.0	-2.0	-2.0	-2.0
-15.0	-15.0	-15.0	-2.0	-2.0	-2.0	-2.0	-15.0	-2.0	-15.0	-15.0	-2.0
-15.0	-15.0	-15.0	-2.0	-2.0	-2.0	-2.0	-15.0	-2.0	-15.0	-2.0	-15.0
-15.0	-15.0	-2.0	-15.0	-2.0	-2.0	-2.0	-15.0	-15.0	-2.0	-2.0	-15.0
-15.0	-15.0	-2.0	-15.0	-2.0	-2.0	-2.0	-15.0	-2.0	-15.0	-2.0	-15.0
-15.0	-15.0	-2.0	-15.0	-2.0	-2.0	-2.0	-2.0	-15.0	-2.0	-15.0	-15.0
-15.0	-15.0	-2.0	-2.0	-15.0	-2.0	-2.0	-15.0	-15.0	-15.0	-2.0	-2.0
-15.0	-15.0	-2.0	-2.0	-15.0	-2.0	-2.0	-15.0	-2.0	-15.0	-15.0	-2.0
-15.0	-15.0	-2.0	-2.0	-15.0	-2.0	-2.0	-2.0	-15.0	-15.0	-2.0	-15.0
-15.0	-15.0	-2.0	-2.0	-2.0	-15.0	-2.0	-2.0	-15.0	-15.0	-2.0	-15.0
-15.0	-15.0	-2.0	-2.0	-2.0	-15.0	-2.0	-2.0	-15.0	-2.0	-15.0	-15.0
-15.0	-2.0	-15.0	-15.0	-2.0	-2.0	-15.0	-2.0	-2.0	-2.0	-15.0	-15.0
-15.0	-2.0	-15.0	-15.0	-2.0	-2.0	-2.0	-15.0	-15.0	-2.0	-2.0	-15.0
-15.0	-2.0	-15.0	-15.0	-2.0	-2.0	-2.0	-2.0	-15.0	-2.0	-15.0	-15.0
-15.0	-2.0	-15.0	-2.0	-2.0	-15.0	-15.0	-2.0	-2.0	-15.0	-15.0	-2.0
-15.0	-2.0	-15.0	-2.0	-2.0	-15.0	-15.0	-2.0	-2.0	-2.0	-15.0	-15.0
-15.0	-2.0	-15.0	-2.0	-2.0	-15.0	-2.0	-2.0	-15.0	-2.0	-15.0	-15.0
-15.0	-2.0	-15.0	-2.0	-2.0	-2.0	-15.0	-15.0	-2.0	-15.0	-2.0	-15.0
-15.0	-2.0	-15.0	-2.0	-2.0	-2.0	-15.0	-15.0	-2.0	-2.0	-15.0	-15.0
-15.0	-2.0	-15.0	-2.0	-2.0	-2.0	-2.0	-15.0	-15.0	-15.0	-15.0	-2.0
-15.0	-2.0	-15.0	-2.0	-2.0	-2.0	-2.0	-2.0	-15.0	-15.0	-15.0	-15.0
-15.0	-2.0	-2.0	-15.0	-15.0	-2.0	-15.0	-2.0	-15.0	-2.0	-2.0	-15.0
-15.0	-2.0	-2.0	-15.0	-15.0	-2.0	-2.0	-15.0	-15.0	-15.0	-2.0	-2.0
-15.0	-2.0	-2.0	-15.0	-15.0	-2.0	-2.0	-2.0	-15.0	-15.0	-2.0	-15.0
-15.0	-2.0	-2.0	-15.0	-2.0	-15.0	-15.0	-2.0	-15.0	-2.0	-15.0	-2.0
-15.0	-2.0	-2.0	-15.0	-2.0	-15.0	-15.0	-2.0	-15.0	-2.0	-2.0	-15.0
-15.0	-2.0	-2.0	-15.0	-2.0	-15.0	-2.0	-2.0	-15.0	-15.0	-2.0	-15.0
-15.0	-2.0	-2.0	-15.0	-2.0	-2.0	-15.0	-15.0	-15.0	-2.0	-15.0	-2.0
-15.0	-2.0	-2.0	-15.0	-2.0	-2.0	-15.0	-15.0	-2.0	-15.0	-2.0	-15.0
-15.0	-2.0	-2.0	-15.0	-2.0	-2.0	-15.0	-2.0	-2.0	-15.0	-15.0	-15.0
-15.0	-2.0	-2.0	-15.0	-2.0	-2.0	-2.0	-15.0	-15.0	-15.0	-15.0	-2.0
-15.0	-2.0	-2.0	-2.0	-15.0	-15.0	-15.0	-2.0	-15.0	-2.0	-15.0	-2.0
-15.0	-2.0	-2.0	-2.0	-15.0	-15.0	-15.0	-2.0	-2.0	-15.0	-15.0	-2.0
-15.0	-2.0	-2.0	-2.0	-15.0	-2.0	-15.0	-15.0	-15.0	-15.0	-2.0	-2.0
-15.0	-2.0	-2.0	-2.0	-15.0	-2.0	-15.0	-15.0	-15.0	-2.0	-15.0	-2.0
-15.0	-2.0	-2.0	-2.0	-15.0	-2.0	-15.0	-2.0	-2.0	-15.0	-15.0	-15.0
-15.0	-2.0	-2.0	-2.0	-15.0	-2.0	-2.0	-2.0	-15.0	-15.0	-15.0	-15.0
-15.0	-2.0	-2.0	-2.0	-2.0	-2.0	-15.0	-15.0	-15.0	-15.0	-2.0	-15.0
-15.0	-2.0	-2.0	-2.0	-2.0	-2.0	-15.0	-15.0	-15.0	-2.0	-15.0	-15.0
-2.0	-15.0	-15.0	-15.0	-2.0	-2.0	-15.0	-15.0	-2.0	-2.0	-15.0	-2.0
-2.0	-15.0	-15.0	-15.0	-2.0	-2.0	-15.0	-2.0	-2.0	-2.0	-15.0	-15.0
-2.0	-15.0	-15.0	-2.0	-15.0	-2.0	-15.0	-15.0	-2.0	-15.0	-2.0	-2.0
-2.0	-15.0	-15.0	-2.0	-15.0	-2.0	-15.0	-15.0	-2.0	-2.0	-15.0	-2.0
-2.0	-15.0	-15.0	-2.0	-15.0	-2.0	-2.0	-15.0	-2.0	-15.0	-2.0	-15.0
-2.0	-15.0	-15.0	-2.0	-2.0	-15.0	-15.0	-2.0	-2.0	-15.0	-15.0	-2.0
-2.0	-15.0	-15.0	-2.0	-2.0	-15.0	-15.0	-2.0	-2.0	-2.0	-15.0	-15.0
-2.0	-15.0	-15.0	-2.0	-2.0	-15.0	-2.0	-15.0	-2.0	-15.0	-15.0	-2.0
-2.0	-15.0	-2.0	-15.0	-15.0	-2.0	-15.0	-15.0	-2.0	-15.0	-2.0	-2.0
-2.0	-15.0	-2.0	-15.0	-15.0	-2.0	-2.0	-15.0	-15.0	-2.0	-2.0	-15.0
-2.0	-15.0	-2.0	-15.0	-15.0	-2.0	-2.0	-15.0	-2.0	-15.0	-2.0	-15.0
-2.0	-15.0	-2.0	-15.0	-2.0	-2.0	-15.0	-15.0	-15.0	-2.0	-15.0	-2.0
-2.0	-15.0	-2.0	-15.0	-2.0	-2.0	-15.0	-15.0	-15.0	-2.0	-2.0	-15.0
-2.0	-15.0	-2.0	-15.0	-2.0	-2.0	-15.0	-2.0	-2.0	-15.0	-15.0	-15.0
-2.0	-15.0	-2.0	-15.0	-2.0	-2.0	-2.0	-15.0	-2.0	-15.0	-15.0	-15.0
-2.0	-15.0	-2.0	-2.0	-15.0	-15.0	-15.0	-2.0	-2.0	-15.0	-15.0	-2.0
-2.0	-15.0	-2.0	-2.0	-15.0	-15.0	-2.0	-15.0	-15.0	-15.0	-2.0	-2.0
-2.0	-15.0	-2.0	-2.0	-15.0	-15.0	-2.0	-15.0	-2.0	-15.0	-15.0	-2.0
-2.0	-15.0	-2.0	-2.0	-15.0	-2.0	-15.0	-15.0	-15.0	-2.0	-15.0	-2.0
-2.0	-15.0	-2.0	-2.0	-15.0	-2.0	-15.0	-2.0	-15.0	-15.0	-2.0	-15.0
-2.0	-15.0	-2.0	-2.0	-15.0	-2.0	-15.0	-2.0	-2.0	-15.0	-15.0	-15.0
-2.0	-15.0	-2.0	-2.0	-15.0	-2.0	-2.0	-15.0	-15.0	-2.0	-15.0	-15.0
-2.0	-15.0	-2.0	-2.0	-2.0	-15.0	-15.0	-2.0	-15.0	-15.0	-15.0	-2.0
-2.0	-15.0	-2.0	-2.0	-2.0	-15.0	-15.0	-2.0	-15.0	-15.0	-2.0	-15.0
-2.0	-15.0	-2.0	-2.0	-2.0	-15.0	-2.0	-15.0	-15.0	-2.0	-15.0	-15.0
-2.0	-15.0	-2.0	-2.0	-2.0	-15.0	-2.0	-15.0	-2.0	-15.0	-15.0	-15.0
-2.0	-15.0	-2.0	-2.0	-2.0	-2.0	-15.0	-15.0	-15.0	-15.0	-15.0	-2.0
-2.0	-15.0	-2.0	-2.0	-2.0	-2.0	-15.0	-15.0	-15.0	-15.0	-2.0	-15.0
-2.0	-2.0	-15.0	-15.0	-15.0	-2.0	-15.0	-2.0	-15.0	-2.0	-2.0	-15.0
-2.0	-2.0	-15.0	-15.0	-15.0	-2.0	-2.0	-15.0	-15.0	-2.0	-2.0	-15.0
-2.0	-2.0	-15.0	-15.0	-2.0	-15.0	-15.0	-15.0	-2.0	-2.0	-15.0	-2.0
-2.0	-2.0	-15.0	-15.0	-2.0	-15.0	-15.0	-2.0	-15.0	-2.0	-15.0	-2.0
-2.0	-2.0	-15.0	-15.0	-2.0	-15.0	-15.0	-2.0	-15.0	-2.0	-2.0	-15.0
-2.0	-2.0	-15.0	-2.0	-15.0	-15.0	-15.0	-15.0	-2.0	-15.0	-2.0	-2.0
-2.0	-2.0	-15.0	-2.0	-15.0	-15.0	-15.0	-15.0	-2.0	-2.0	-15.0	-2.0
-2.0	-2.0	-15.0	-2.0	-15.0	-15.0	-15.0	-2.0	-15.0	-2.0	-15.0	-2.0
-2.0	-2.0	-15.0	-2.0	-15.0	-2.0	-15.0	-15.0	-15.0	-15.0	-2.0	-2.0
-2.0	-2.0	-15.0	-2.0	-15.0	-2.0	-15.0	-15.0	-2.0	-2.0	-15.0	-15.0
-2.0	-2.0	-15.0	-2.0	-15.0	-2.0	-15.0	-2.0	-15.0	-15.0	-2.0	-15.0
-2.0	-2.0	-15.0	-2.0	-15.0	-2.0	-2.0	-15.0	-15.0	-2.0	-15.0	-15.0
-2.0	-2.0	-15.0	-2.0	-2.0	-15.0	-15.0	-15.0	-2.0	-15.0	-2.0	-15.0
-2.0	-2.0	-15.0	-2.0	-2.0	-15.0	-15.0	-2.0	-15.0	-15.0	-2.0	-15.0
-2.0	-2.0	-15.0	-2.0	-2.0	-15.0	-2.0	-15.0	-15.0	-15.0	-15.0	-2.0
-2.0	-2.0	-15.0	-2.0	-2.0	-15.0	-2.0	-15.0	-15.0	-2.0	-15.0	-15.0
-2.0	-2.0	-15.0	-2.0	-2.0	-2.0	-15.0	-15.0	-15.0	-15.0	-15.0	-2.0
-2.0	-2.0	-15.0	-2.0	-2.0	-2.0	-15.0	-2.0	-15.0	-15.0	-15.0	-15.0
-2.0	-2.0	-2.0	-15.0	-15.0	-15.0	-15.0	-15.0	-2.0	-15.0	-2.0	-2.0
-2.0	-2.0	-2.0	-15.0	-15.0	-15.0	-2.0	-15.0	-15.0	-15.0	-2.0	-2.0
-2.0	-2.0	-2.0	-15.0	-2.0	-15.0	-15.0	-15.0	-15.0	-2.0	-2.0	-15.0
-2.0	-2.0	-2.0	-15.0	-2.0	-15.0	-15.0	-15.0	-2.0	-15.0	-2.0	-15.0
-2.0	-2.0	-2.0	-15.0	-2.0	-15.0	-15.0	-2.0	-15.0	-15.0	-15.0	-2.0
-2.0	-2.0	-2.0	-15.0	-2.0	-15.0	-2.0	-15.0	-15.0	-15.0	-15.0	-2.0
-2.0	-2.0	-2.0	-15.0	-2.0	-2.0	-15.0	-2.0	-15.0	-15.0	-15.0	-15.0
-2.0	-2.0	-2.0	-15.0	-2.0	-2.0	-2.0	-15.0	-15.0	-15.0	-15.0	-15.0
-2.0	-2.0	-2.0	-2.0	-15.0	-2.0	-15.0	-15.0	-2.0	-15.0	-15.0	-15.0
-2.0	-2.0	-2.0	-2.0	-15.0	-2.0	-2.0	-15.0	-15.0	-15.0	-15.0	-15.0
-2.0	-2.0	-2.0	-2.0	-2.0	-15.0	-15.0	-15.0	-15.0	-2.0	-15.0	-15.0
-2.0	-2.0	-2.0	-2.0	-2.0	-15.0	-15.0	-15.0	-2.0	-15.0	-15.0	-15.0
-15.0	-15.0	-15.0	-2.0	-2.0	-2.0	-2.0	-15.0	-2.0	-2.0	-15.0	-15.0
-15.0	-15.0	-15.0	-2.0	-2.0	-2.0	-2.0	-2.0	-2.0	-15.0	-15.0	-15.0
-15.0	-15.0	-2.0	-2.0	-2.0	-15.0	-2.0	-2.0	-15.0	-15.0	-15.0	-2.0
-15.0	-15.0	-2.0	-2.0	-2.0	-15.0	-2.0	-2.0	-2.0	-15.0	-15.0	-15.0
-15.0	-2.0	-15.0	-2.0	-2.0	-2.0	-15.0	-15.0	-2.0	-15.0	-15.0	-2.0
-15.0	-2.0	-15.0	-2.0	-2.0	-2.0	-2.0	-15.0	-15.0	-15.0	-2.0	-15.0
-15.0	-2.0	-2.0	-2.0	-15.0	-15.0	-15.0	-2.0	-15.0	-15.0	-2.0	-2.0
-15.0	-2.0	-2.0	-2.0	-15.0	-15.0	-2.0	-2.0	-15.0	-15.0	-15.0	-2.0
-15.0	-2.0	-2.0	-2.0	-15.0	-2.0	-15.0	-15.0	-2.0	-15.0	-15.0	-2.0
-15.0	-2.0	-2.0	-2.0	-15.0	-2.0	-15.0	-2.0	-15.0	-2.0	-15.0	-15.0
-15.0	-2.0	-2.0	-2.0	-2.0	-2.0	-15.0	-15.0	-15.0	-15.0	-15.0	-2.0
-15.0	-2.0	-2.0	-2.0	-2.0	-2.0	-15.0	-15.0	-2.0	-15.0	-15.0	-15.0
-2.0	-15.0	-15.0	-15.0	-2.0	-2.0	-15.0	-15.0	-2.0	-2.0	-2.0	-15.0
-2.0	-15.0	-15.0	-15.0	-2.0	-2.0	-2.0	-15.0	-2.0	-2.0	-15.0	-15.0
-2.0	-15.0	-2.0	-15.0	-2.0	-2.0	-15.0	-15.0	-2.0	-15.0	-15.0	-2.0
-2.0	-15.0	-2.0	-15.0	-2.0	-2.0	-15.0	-2.0	-15.0	-2.0	-15.0	-15.0
-2.0	-15.0	-2.0	-2.0	-2.0	-15.0	-15.0	-2.0	-15.0	-2.0	-15.0	-15.0
-2.0	-15.0	-2.0	-2.0	-2.0	-15.0	-2.0	-15.0	-15.0	-15.0	-2.0	-15.0
-2.0	-15.0	-2.0	-2.0	-2.0	-2.0	-15.0	-15.0	-15.0	-2.0	-15.0	-15.0
-2.0	-15.0	-2.0	-2.0	-2.0	-2.0	-15.0	-2.0	-15.0	-15.0	-15.0	-15.0
-2.0	-2.0	-15.0	-15.0	-15.0	-2.0	-15.0	-15.0	-15.0	-2.0	-2.0	-2.0
-2.0	-2.0	-15.0	-15.0	-15.0	-2.0	-15.0	-15.0	-2.0	-2.0	-2.0	-15.0
-2.0	-2.0	-15.0	-2.0	-15.0	-2.0	-15.0	-2.0	-15.0	-2.0	-15.0	-15.0
-2.0	-2.0	-15.0	-2.0	-15.0	-2.0	-2.0	-15.0	-15.0	-15.0	-2.0	-15.0
-2.0	-2.0	-15.0	-2.0	-2.0	-2.0	-15.0	-15.0	-15.0	-15.0	-2.0	-15.0
-2.0	-2.0	-15.0	-2.0	-2.0	-2.0	-2.0	-15.0	-15.0	-15.0	-15.0	-15.0
-2.0	-2.0	-2.0	-15.0	-15.0	-15.0	-15.0	-15.0	-15.0	-2.0	-2.0	-2.0
-2.0	-2.0	-2.0	-15.0	-15.0	-15.0	-15.0	-2.0	-15.0	-15.0	-2.0	-2.0
-2.0	-2.0	-2.0	-15.0	-2.0	-15.0	-15.0	-15.0	-2.0	-15.0	-15.0	-2.0
-2.0	-2.0	-2.0	-15.0	-2.0	-15.0	-2.0	-15.0	-15.0	-15.0	-2.0	-15.0
-2.0	-2.0	-2.0	-15.0	-2.0	-2.0	-15.0	-15.0	-15.0	-15.0	-15.0	-2.0
-2.0	-2.0	-2.0	-15.0	-2.0	-2.0	-15.0	-15.0	-2.0	-15.0	-15.0	-15.0
-2.0	-2.0	-2.0	-2.0	-15.0	-2.0	-15.0	-15.0	-15.0	-2.0	-15.0	-15.0
-2.0	-2.0	-2.0	-2.0	-15.0	-2.0	-15.0	-2.0	-15.0	-15.0	-15.0	-15.0
-2.0	-2.0	-2.0	-2.0	-2.0	-15.0	-15.0	-15.0	-15.0	-15.0	-2.0	-15.0
-2.0	-2.0	-2.0	-2.0	-2.0	-15.0	-2.0	-15.0	-15.0	-15.0	-15.0	-15.0
-15.0	-15.0	-2.0	-15.0	-2.0	-2.0	-2.0	-15.0	-15.0	-2.0	-15.0	-2.0
-15.0	-15.0	-2.0	-2.0	-15.0	-2.0	-2.0	-15.0	-15.0	-2.0	-15.0	-2.0
-15.0	-2.0	-15.0	-15.0	-2.0	-2.0	-2.0	-15.0	-15.0	-2.0	-15.0	-2.0
-15.0	-2.0	-15.0	-2.0	-15.0	-2.0	-15.0	-2.0	-2.0	-15.0	-2.0	-15.0
-15.0	-2.0	-15.0	-2.0	-15.0	-2.0	-2.0	-15.0	-15.0	-2.0	-15.0	-2.0
-15.0	-2.0	-15.0	-2.0	-2.0	-15.0	-15.0	-2.0	-2.0	-15.0	-2.0	-15.0
-15.0	-2.0	-2.0	-15.0	-15.0	-2.0	-15.0	-2.0	-2.0	-15.0	-2.0	-15.0
-15.0	-2.0	-2.0	-15.0	-2.0	-15.0	-15.0	-2.0	-2.0	-15.0	-2.0	-15.0
-15.0	-2.0	-2.0	-15.0	-2.0	-2.0	-15.0	-15.0	-15.0	-2.0	-2.0	-15.0
-15.0	-2.0	-2.0	-15.0	-2.0	-2.0	-2.0	-2.0	-15.0	-15.0	-15.0	-15.0
-2.0	-15.0	-15.0	-2.0	-15.0	-2.0	-15.0	-2.0	-2.0	-15.0	-2.0	-15.0
-2.0	-15.0	-15.0	-2.0	-2.0	-15.0	-15.0	-2.0	-2.0	-15.0	-2.0	-15.0
-2.0	-15.0	-2.0	-15.0	-15.0	-2.0	-15.0	-2.0	-2.0	-15.0	-2.0	-15.0
-2.0	-15.0	-2.0	-15.0	-2.0	-15.0	-15.0	-2.0	-2.0	-15.0	-2.0	-15.0
-2.0	-15.0	-2.0	-15.0	-2.0	-15.0	-2.0	-15.0	-15.0	-2.0	-15.0	-2.0
-2.0	-15.0	-2.0	-2.0	-15.0	-15.0	-2.0	-15.0	-15.0	-2.0	-15.0	-2.0
-2.0	-15.0	-2.0	-2.0	-15.0	-2.0	-15.0	-15.0	-15.0	-15.0	-2.0	-2.0
-2.0	-15.0	-2.0	-2.0	-15.0	-2.0	-2.0	-15.0	-2.0	-15.0	-15.0	-15.0
-2.0	-2.0	-15.0	-15.0	-2.0	-15.0	-2.0	-15.0	-15.0	-2.0	-15.0	-2.0
-2.0	-2.0	-15.0	-2.0	-15.0	-15.0	-2.0	-15.0	-15.0	-2.0	-15.0	-2.0
-2.0	-2.0	-15.0	-2.0	-2.0	-15.0	-15.0	-15.0	-2.0	-2.0	-15.0	-15.0
-2.0	-2.0	-15.0	-2.0	-2.0	-15.0	-15.0	-2.0	-15.0	-15.0	-15.0	-2.0
-15.0	-15.0	-2.0	-15.0	-2.0	-2.0	-2.0	-15.0	-2.0	-15.0	-15.0	-2.0
-15.0	-15.0	-2.0	-15.0	-2.0	-2.0	-2.0	-2.0	-2.0	-15.0	-15.0	-15.0
-15.0	-15.0	-2.0	-2.0	-15.0	-2.0	-2.0	-2.0	-15.0	-2.0	-15.0	-15.0
-15.0	-15.0	-2.0	-2.0	-15.0	-2.0	-2.0	-2.0	-2.0	-15.0	-15.0	-15.0
-15.0	-2.0	-15.0	-15.0	-2.0	-2.0	-15.0	-15.0	-2.0	-2.0	-15.0	-2.0
-15.0	-2.0	-15.0	-15.0	-2.0	-2.0	-15.0	-15.0	-2.0	-2.0	-2.0	-15.0
-15.0	-2.0	-15.0	-2.0	-15.0	-2.0	-15.0	-15.0	-2.0	-15.0	-2.0	-2.0
-15.0	-2.0	-15.0	-2.0	-15.0	-2.0	-15.0	-15.0	-2.0	-2.0	-15.0	-2.0
-15.0	-2.0	-15.0	-2.0	-15.0	-2.0	-15.0	-2.0	-2.0	-2.0	-15.0	-15.0
-15.0	-2.0	-15.0	-2.0	-15.0	-2.0	-2.0	-15.0	-15.0	-15.0	-2.0	-2.0
-15.0	-2.0	-15.0	-2.0	-15.0	-2.0	-2.0	-2.0	-15.0	-15.0	-2.0	-15.0
-15.0	-2.0	-15.0	-2.0	-15.0	-2.0	-2.0	-2.0	-15.0	-2.0	-15.0	-15.0
-15.0	-2.0	-15.0	-2.0	-2.0	-15.0	-2.0	-2.0	-15.0	-15.0	-15.0	-2.0
-15.0	-2.0	-15.0	-2.0	-2.0	-15.0	-2.0	-2.0	-15.0	-15.0	-2.0	-15.0
-15.0	-2.0	-2.0	-15.0	-15.0	-2.0	-15.0	-15.0	-15.0	-2.0	-2.0	-2.0
-15.0	-2.0	-2.0	-15.0	-15.0	-2.0	-15.0	-15.0	-2.0	-15.0	-2.0	-2.0
-15.0	-2.0	-2.0	-15.0	-2.0	-15.0	-15.0	-2.0	-2.0	-15.0	-15.0	-2.0
-15.0	-2.0	-2.0	-15.0	-2.0	-15.0	-2.0	-2.0	-15.0	-15.0	-15.0	-2.0
-2.0	-15.0	-15.0	-2.0	-15.0	-2.0	-15.0	-2.0	-2.0	-2.0	-15.0	-15.0
-2.0	-15.0	-15.0	-2.0	-15.0	-2.0	-2.0	-15.0	-2.0	-2.0	-15.0	-15.0
-2.0	-15.0	-15.0	-2.0	-2.0	-15.0	-2.0	-15.0	-2.0	-15.0	-2.0	-15.0
-2.0	-15.0	-15.0	-2.0	-2.0	-15.0	-2.0	-15.0	-2.0	-2.0	-15.0	-15.0
-2.0	-15.0	-2.0	-15.0	-15.0	-2.0	-15.0	-15.0	-15.0	-2.0	-2.0	-2.0
-2.0	-15.0	-2.0	-15.0	-15.0	-2.0	-15.0	-2.0	-15.0	-2.0	-2.0	-15.0
-2.0	-15.0	-2.0	-15.0	-2.0	-15.0	-15.0	-2.0	-15.0	-2.0	-15.0	-2.0
-2.0	-15.0	-2.0	-15.0	-2.0	-15.0	-15.0	-2.0	-15.0	-2.0	-2.0	-15.0
-2.0	-15.0	-2.0	-15.0	-2.0	-15.0	-15.0	-2.0	-2.0	-15.0	-15.0	-2.0
-2.0	-15.0	-2.0	-15.0	-2.0	-15.0	-2.0	-15.0	-15.0	-2.0	-2.0	-15.0
-2.0	-15.0	-2.0	-15.0	-2.0	-15.0	-2.0	-15.0	-2.0	-15.0	-15.0	-2.0
-2.0	-15.0	-2.0	-15.0	-2.0	-15.0	-2.0	-15.0	-2.0	-15.0	-2.0	-15.0
-2.0	-15.0	-2.0	-2.0	-15.0	-15.0	-15.0	-2.0	-15.0	-15.0	-2.0	-2.0
-2.0	-15.0	-2.0	-2.0	-15.0	-15.0	-15.0	-2.0	-15.0	-2.0	-15.0	-2.0
-2.0	-2.0	-15.0	-15.0	-2.0	-15.0	-15.0	-15.0	-2.0	-2.0	-2.0	-15.0
-2.0	-2.0	-15.0	-15.0	-2.0	-15.0	-2.0	-15.0	-15.0	-2.0	-2.0	-15.0
-2.0	-2.0	-15.0	-2.0	-15.0	-15.0	-15.0	-2.0	-15.0	-15.0	-2.0	-2.0
-2.0	-2.0	-15.0	-2.0	-15.0	-15.0	-2.0	-15.0	-15.0	-15.0	-2.0	-2.0
-15.0	-15.0	-2.0	-2.0	-2.0	-2.0	-2.0	-15.0	-15.0	-15.0	-15.0	-2.0
-15.0	-15.0	-2.0	-2.0	-2.0	-2.0	-2.0	-15.0	-15.0	-15.0	-2.0	-15.0
-15.0	-15.0	-2.0	-2.0	-2.0	-2.0	-2.0	-15.0	-15.0	-2.0	-15.0	-15.0
-15.0	-15.0	-2.0	-2.0	-2.0	-2.0	-2.0	-15.0	-2.0	-15.0	-15.0	-15.0
-15.0	-15.0	-2.0	-2.0	-2.0	-2.0	-2.0	-2.0	-15.0	-15.0	-15.0	-15.0
-15.0	-2.0	-15.0	-2.0	-2.0	-2.0	-15.0	-2.0	-2.0	-15.0	-15.0	-15.0
-15.0	-2.0	-15.0	-2.0	-2.0	-2.0	-2.0	-15.0	-15.0	-2.0	-15.0	-15.0
-15.0	-2.0	-2.0	-15.0	-2.0	-2.0	-15.0	-2.0	-15.0	-2.0	-15.0	-15.0
-15.0	-2.0	-2.0	-15.0	-2.0	-2.0	-2.0	-15.0	-15.0	-15.0	-2.0	-15.0
-15.0	-2.0	-2.0	-2.0	-15.0	-2.0	-15.0	-2.0	-15.0	-15.0	-2.0	-15.0
-15.0	-2.0	-2.0	-2.0	-15.0	-2.0	-2.0	-15.0	-15.0	-15.0	-15.0	-2.0
-15.0	-2.0	-2.0	-2.0	-2.0	-15.0	-15.0	-2.0	-15.0	-15.0	-15.0	-2.0
-15.0	-2.0	-2.0	-2.0	-2.0	-15.0	-15.0	-2.0	-15.0	-15.0	-2.0	-15.0
-15.0	-2.0	-2.0	-2.0	-2.0	-15.0	-15.0	-2.0	-15.0	-2.0	-15.0	-15.0
-15.0	-2.0	-2.0	-2.0	-2.0	-15.0	-15.0	-2.0	-2.0	-15.0	-15.0	-15.0
-15.0	-2.0	-2.0	-2.0	-2.0	-15.0	-2.0	-2.0	-15.0	-15.0	-15.0	-15.0
-15.0	-2.0	-2.0	-2.0	-2.0	-2.0	-15.0	-2.0	-15.0	-15.0	-15.0	-15.0
-15.0	-2.0	-2.0	-2.0	-2.0	-2.0	-2.0	-15.0	-15.0	-15.0	-15.0	-15.0
-2.0	-15.0	-15.0	-2.0	-2.0	-2.0	-15.0	-15.0	-2.0	-15.0	-15.0	-2.0
-2.0	-15.0	-15.0	-2.0	-2.0	-2.0	-15.0	-15.0	-2.0	-15.0	-2.0	-15.0
-2.0	-15.0	-15.0	-2.0	-2.0	-2.0	-15.0	-15.0	-2.0	-2.0	-15.0	-15.0
-2.0	-15.0	-15.0	-2.0	-2.0	-2.0	-15.0	-2.0	-2.0	-15.0	-15.0	-15.0
-2.0	-15.0	-15.0	-2.0	-2.0	-2.0	-2.0	-15.0	-2.0	-15.0	-15.0	-15.0
-2.0	-15.0	-2.0	-15.0	-2.0	-2.0	-15.0	-15.0	-2.0	-15.0	-2.0	-15.0
-2.0	-15.0	-2.0	-15.0	-2.0	-2.0	-2.0	-15.0	-15.0	-2.0	-15.0	-15.0
-2.0	-15.0	-2.0	-2.0	-15.0	-2.0	-15.0	-15.0	-2.0	-15.0	-15.0	-2.0
-2.0	-15.0	-2.0	-2.0	-15.0	-2.0	-2.0	-15.0	-15.0	-15.0	-2.0	-15.0
-2.0	-15.0	-2.0	-2.0	-2.0	-15.0	-15.0	-2.0	-2.0	-15.0	-15.0	-15.0
-2.0	-15.0	-2.0	-2.0	-2.0	-15.0	-2.0	-15.0	-15.0	-15.0	-15.0	-2.0
-2.0	-15.0	-2.0	-2.0	-2.0	-2.0	-15.0	-15.0	-2.0	-15.0	-15.0	-15.0
-2.0	-15.0	-2.0	-2.0	-2.0	-2.0	-2.0	-15.0	-15.0	-15.0	-15.0	-15.0
-2.0	-2.0	-15.0	-15.0	-2.0	-2.0	-15.0	-15.0	-15.0	-2.0	-15.0	-2.0
-2.0	-2.0	-15.0	-15.0	-2.0	-2.0	-15.0	-15.0	-15.0	-2.0	-2.0	-15.0
-2.0	-2.0	-15.0	-15.0	-2.0	-2.0	-15.0	-15.0	-2.0	-2.0	-15.0	-15.0
-2.0	-2.0	-15.0	-15.0	-2.0	-2.0	-15.0	-2.0	-15.0	-2.0	-15.0	-15.0
-2.0	-2.0	-15.0	-15.0	-2.0	-2.0	-2.0	-15.0	-15.0	-2.0	-15.0	-15.0
-2.0	-2.0	-15.0	-2.0	-15.0	-2.0	-15.0	-15.0	-15.0	-2.0	-15.0	-2.0
-2.0	-2.0	-15.0	-2.0	-15.0	-2.0	-15.0	-15.0	-2.0	-15.0	-2.0	-15.0
-2.0	-2.0	-15.0	-2.0	-2.0	-15.0	-15.0	-15.0	-2.0	-15.0	-15.0	-2.0
-2.0	-2.0	-15.0	-2.0	-2.0	-15.0	-15.0	-2.0	-15.0	-2.0	-15.0	-15.0
-2.0	-2.0	-15.0	-2.0	-2.0	-2.0	-15.0	-15.0	-15.0	-2.0	-15.0	-15.0
-2.0	-2.0	-15.0	-2.0	-2.0	-2.0	-15.0	-15.0	-2.0	-15.0	-15.0	-15.0
-2.0	-2.0	-2.0	-15.0	-15.0	-2.0	-15.0	-15.0	-15.0	-15.0	-2.0	-2.0
-2.0	-2.0	-2.0	-15.0	-15.0	-2.0	-15.0	-15.0	-15.0	-2.0	-2.0	-15.0
-2.0	-2.0	-2.0	-15.0	-15.0	-2.0	-15.0	-15.0	-2.0	-15.0	-2.0	-15.0
-2.0	-2.0	-2.0	-15.0	-15.0	-2.0	-15.0	-2.0	-15.0	-15.0	-2.0	-15.0
-2.0	-2.0	-2.0	-15.0	-15.0	-2.0	-2.0	-15.0	-15.0	-15.0	-2.0	-15.0
-2.0	-2.0	-2.0	-15.0	-2.0	-15.0	-15.0	-15.0	-15.0	-2.0	-15.0	-2.0
-2.0	-2.0	-2.0	-15.0	-2.0	-15.0	-15.0	-2.0	-15.0	-15.0	-2.0	-15.0
-2.0	-2.0	-2.0	-15.0	-2.0	-2.0	-15.0	-15.0	-15.0	-15.0	-2.0	-15.0
-2.0	-2.0	-2.0	-15.0	-2.0	-2.0	-15.0	-15.0	-15.0	-2.0	-15.0	-15.0
-2.0	-2.0	-2.0	-2.0	-15.0	-15.0	-15.0	-15.0	-15.0	-15.0	-2.0	-2.0
-2.0	-2.0	-2.0	-2.0	-15.0	-15.0	-15.0	-15.0	-15.0	-2.0	-15.0	-2.0
-2.0	-2.0	-2.0	-2.0	-15.0	-15.0	-15.0	-15.0	-2.0	-15.0	-15.0	-2.0
-2.0	-2.0	-2.0	-2.0	-15.0	-15.0	-15.0	-2.0	-15.0	-15.0	-15.0	-2.0
-2.0	-2.0	-2.0	-2.0	-15.0	-15.0	-2.0	-15.0	-15.0	-15.0	-15.0	-2.0
-2.0	-2.0	-2.0	-2.0	-15.0	-2.0	-15.0	-15.0	-15.0	-15.0	-15.0	-2.0
-2.0	-2.0	-2.0	-2.0	-15.0	-2.0	-15.0	-15.0	-15.0	-15.0	-2.0	-15.0
-2.0	-2.0	-2.0	-2.0	-2.0	-15.0	-15.0	-15.0	-15.0	-15.0	-15.0	-2.0
-2.0	-2.0	-2.0	-2.0	-2.0	-15.0	-15.0	-2.0	-15.0	-15.0	-15.0	-15.0
-15.0	-2.0	-2.0	-15.0	-2.0	-2.0	-15.0	-15.0	-2.0	-15.0	-15.0	-2.0
-2.0	-15.0	-2.0	-2.0	-15.0	-2.0	-15.0	-2.0	-15.0	-2.0	-15.0	-15.0
-2.0	-2.0	-15.0	-2.0	-2.0	-15.0	-2.0	-15.0	-15.0	-15.0	-2.0	-15.0
