0.05,177.82794100389228,0.3271338743954133,2.8773428084605257e-11,0.0,15.0,15.0,15.0
0.05,316.22776601683796,0.5071434649642776,7.025775516922295e-10,0.0,15.0,15.0,15.0
0.05,562.341325190349,0.6699589888279707,1.7342429714517493e-9,15.0,15.0,15.0,0.0
0.05,1000.0,0.7930650243212687,3.946960092093832e-9,0.0,15.0,15.0,15.0
0.05,1778.2794100389228,0.8756292443279243,9.372200793222873e-10,15.0,15.0,0.32754,15.0
0.05,3162.2776601683795,0.9271596636125495,1.5815837528521115e-10,15.0,1.05704,15.0,15.0
0.05,5623.413251903491,0.95796719652832,2.648836705532176e-11,15.0,15.0,15.0,1.81213
0.05,10000.0,0.9759298811668933,2.1260753158003354e-9,15.0,2.58536,15.0,15.0
0.05,17782.794100389227,0.9862590024203186,1.2400374060916874e-9,15.0,15.0,15.0,3.37293
0.05,31622.776601683792,0.992156417553764,1.3504184437351796e-9,4.1709,15.0,15.0,15.0
0.05,56234.13251903491,0.9955132770229886,6.188578538512957e-10,4.97968,15.0,15.0,15.0
0.05,100000.0,0.9974235974314052,4.6269299502910144e-10,15.0,15.0,5.79401,15.0
0.05,177827.94100389228,0.9985126637747395,1.2248353442601e-9,15.0,15.0,6.60695,15.0
0.05,316227.7660168379,0.9991349664068166,1.3510970120478305e-11,15.0,15.0,15.0,7.42681
0.05,562341.3251903491,0.9994921046913827,5.1628283870286396e-9,15.0,8.23922,15.0,15.0
0.05,1.0e6,0.9996991196937828,4.692697785912969e-9,9.04838,15.0,15.0,15.0
