12	13	14	15	16	17	18	19	20	21	32	33	34	35	36	37	38	39	40	41	52	53	54	55	56	62
8	9	10	11	16	17	18	19	20	21	26	27	28	29	30	31	38	39	40	41	48	49	50	51	56	61
7	9	10	11	13	14	15	19	20	21	23	24	25	29	30	31	35	36	37	41	45	46	47	51	55	60
11	12	13	14	16	17	18	19	20	21	28	30	31	32	33	34	35	36	37	38	39	40	41	49	50	51	52	53	54	55	56	61	62
11	12	13	14	15	16	17	19	20	21	25	30	31	32	33	34	35	36	37	38	39	40	41	46	47	51	52	53	54	55	56	60	62
10	12	13	15	16	17	18	19	20	21	27	29	31	32	33	34	35	36	37	38	39	40	41	48	50	51	52	53	54	55	56	61	62
10	12	13	14	15	16	18	19	20	21	24	29	31	32	33	34	35	36	37	38	39	40	41	45	47	51	52	53	54	55	56	60	62
9	12	14	15	16	17	18	19	20	21	26	29	30	32	33	34	35	36	37	38	39	40	41	48	49	51	52	53	54	55	56	61	62
9	12	13	14	15	17	18	19	20	21	23	29	30	32	33	34	35	36	37	38	39	40	41	45	46	51	52	53	54	55	56	60	62
9	10	11	12	16	17	18	19	20	21	26	27	28	29	30	31	32	33	34	38	39	40	41	48	49	50	51	52	53	54	56	61	62
9	10	11	12	13	14	15	19	20	21	23	24	25	29	30	31	32	33	34	35	36	37	41	45	46	47	51	52	53	54	55	60	62
8	13	14	15	16	17	18	19	20	21	26	27	28	32	33	34	35	36	37	38	39	40	41	48	49	50	52	53	54	55	56	61	62
8	12	13	14	15	17	18	19	20	21	22	27	28	32	33	34	35	36	37	38	39	40	41	43	44	50	52	53	54	55	56	59	62
8	12	13	14	15	16	18	19	20	21	22	26	28	32	33	34	35	36	37	38	39	40	41	42	44	49	52	53	54	55	56	58	62
8	12	13	14	15	16	17	19	20	21	22	26	27	32	33	34	35	36	37	38	39	40	41	42	43	48	52	53	54	55	56	57	62
8	10	11	13	16	17	18	19	20	21	26	27	28	29	30	31	32	35	36	38	39	40	41	48	49	50	51	52	53	55	56	61	62
8	9	11	14	16	17	18	19	20	21	26	27	28	29	30	31	33	35	37	38	39	40	41	48	49	50	51	52	54	55	56	61	62
8	9	10	15	16	17	18	19	20	21	26	27	28	29	30	31	34	36	37	38	39	40	41	48	49	50	51	53	54	55	56	61	62
8	9	10	11	15	16	17	19	20	21	25	26	27	28	29	30	31	36	37	38	39	40	41	46	47	48	49	50	51	55	56	60	61
8	9	10	11	14	16	18	19	20	21	24	26	27	28	29	30	31	35	37	38	39	40	41	45	47	48	49	50	51	55	56	60	61
8	9	10	11	13	17	18	19	20	21	23	26	27	28	29	30	31	35	36	38	39	40	41	45	46	48	49	50	51	55	56	60	61
8	9	10	11	13	14	15	19	20	21	23	24	25	26	27	28	29	30	31	35	36	37	41	45	46	47	48	49	50	51	55	60	61
8	9	10	11	12	17	18	19	20	21	22	26	27	28	29	30	31	33	34	38	39	40	41	43	44	48	49	50	51	54	56	59	61
8	9	10	11	12	16	18	19	20	21	22	26	27	28	29	30	31	32	34	38	39	40	41	42	44	48	49	50	51	53	56	58	61
8	9	10	11	12	16	17	19	20	21	22	26	27	28	29	30	31	32	33	38	39	40	41	42	43	48	49	50	51	52	56	57	61
7	13	14	15	16	17	18	19	20	21	23	24	25	32	33	34	35	36	37	38	39	40	41	45	46	47	52	53	54	55	56	60	62
7	12	14	15	16	17	18	19	20	21	22	24	25	32	33	34	35	36	37	38	39	40	41	43	44	47	52	53	54	55	56	59	62
7	12	13	15	16	17	18	19	20	21	22	23	25	32	33	34	35	36	37	38	39	40	41	42	44	46	52	53	54	55	56	58	62
7	12	13	14	16	17	18	19	20	21	22	23	24	32	33	34	35	36	37	38	39	40	41	42	43	45	52	53	54	55	56	57	62
7	10	11	13	14	15	16	19	20	21	23	24	25	29	30	31	32	35	36	37	38	39	41	45	46	47	51	52	53	55	56	60	62
7	9	11	13	14	15	17	19	20	21	23	24	25	29	30	31	33	35	36	37	38	40	41	45	46	47	51	52	54	55	56	60	62
7	9	10	13	14	15	18	19	20	21	23	24	25	29	30	31	34	35	36	37	39	40	41	45	46	47	51	53	54	55	56	60	62
7	9	10	11	16	17	18	19	20	21	23	24	25	26	27	28	29	30	31	38	39	40	41	45	46	47	48	49	50	51	56	60	61
7	9	10	11	14	15	16	19	20	21	23	24	25	26	29	30	31	35	36	37	38	39	41	45	46	47	48	49	51	55	56	60	61
7	9	10	11	13	15	17	19	20	21	23	24	25	27	29	30	31	35	36	37	38	40	41	45	46	47	48	50	51	55	56	60	61
7	9	10	11	13	14	18	19	20	21	23	24	25	28	29	30	31	35	36	37	39	40	41	45	46	47	49	50	51	55	56	60	61
7	9	10	11	12	14	15	19	20	21	22	23	24	25	29	30	31	33	34	35	36	37	41	43	44	45	46	47	51	54	55	59	60
7	9	10	11	12	13	15	19	20	21	22	23	24	25	29	30	31	32	34	35	36	37	41	42	44	45	46	47	51	53	55	58	60
7	9	10	11	12	13	14	19	20	21	22	23	24	25	29	30	31	32	33	35	36	37	41	42	43	45	46	47	51	52	55	57	60
7	8	10	11	16	17	18	19	20	21	22	24	25	26	27	28	29	30	31	38	39	40	41	43	44	47	48	49	50	51	56	59	61
7	8	10	11	13	14	15	19	20	21	22	23	24	25	27	28	29	30	31	35	36	37	41	43	44	45	46	47	50	51	55	59	60
7	8	9	11	16	17	18	19	20	21	22	23	25	26	27	28	29	30	31	38	39	40	41	42	44	46	48	49	50	51	56	58	61
7	8	9	11	13	14	15	19	20	21	22	23	24	25	26	28	29	30	31	35	36	37	41	42	44	45	46	47	49	51	55	58	60
7	8	9	10	16	17	18	19	20	21	22	23	24	26	27	28	29	30	31	38	39	40	41	42	43	45	48	49	50	51	56	57	61
7	8	9	10	13	14	15	19	20	21	22	23	24	25	26	27	29	30	31	35	36	37	41	42	43	45	46	47	48	51	55	57	60
10	11	12	13	16	17	18	19	20	21	27	28	29	30	31	32	33	34	35	36	38	39	40	41	48	49	50	51	52	53	54	55	56	61	62
10	11	12	13	14	15	16	19	20	21	24	25	29	30	31	32	33	34	35	36	37	38	39	41	45	46	47	51	52	53	54	55	56	60	62
9	11	12	14	16	17	18	19	20	21	26	28	29	30	31	32	33	34	35	37	38	39	40	41	48	49	50	51	52	53	54	55	56	61	62
9	11	12	13	14	15	17	19	20	21	23	25	29	30	31	32	33	34	35	36	37	38	40	41	45	46	47	51	52	53	54	55	56	60	62
9	10	12	15	16	17	18	19	20	21	26	27	29	30	31	32	33	34	36	37	38	39	40	41	48	49	50	51	52	53	54	55	56	61	62
9	10	12	13	14	15	18	19	20	21	23	24	29	30	31	32	33	34	35	36	37	39	40	41	45	46	47	51	52	53	54	55	56	60	62
8	11	13	14	16	17	18	19	20	21	26	27	28	30	31	32	33	35	36	37	38	39	40	41	48	49	50	51	52	53	54	55	56	61	62
8	10	13	15	16	17	18	19	20	21	26	27	28	29	31	32	34	35	36	37	38	39	40	41	48	49	50	51	52	53	54	55	56	61	62
8	9	14	15	16	17	18	19	20	21	26	27	28	29	30	33	34	35	36	37	38	39	40	41	48	49	50	51	52	53	54	55	56	61	62
8	9	10	11	14	15	16	19	20	21	24	25	26	27	28	29	30	31	35	36	37	38	39	41	45	46	47	48	49	50	51	55	56	60	61
8	9	10	11	13	15	17	19	20	21	23	25	26	27	28	29	30	31	35	36	37	38	40	41	45	46	47	48	49	50	51	55	56	60	61
8	9	10	11	13	14	18	19	20	21	23	24	26	27	28	29	30	31	35	36	37	39	40	41	45	46	47	48	49	50	51	55	56	60	61
7	11	13	14	15	16	17	19	20	21	23	24	25	30	31	32	33	35	36	37	38	39	40	41	45	46	47	51	52	53	54	55	56	60	62
7	10	13	14	15	16	18	19	20	21	23	24	25	29	31	32	34	35	36	37	38	39	40	41	45	46	47	51	52	53	54	55	56	60	62
7	9	13	14	15	17	18	19	20	21	23	24	25	29	30	33	34	35	36	37	38	39	40	41	45	46	47	51	52	53	54	55	56	60	62
7	9	10	11	15	16	17	19	20	21	23	24	25	26	27	29	30	31	36	37	38	39	40	41	45	46	47	48	49	50	51	55	56	60	61
7	9	10	11	14	16	18	19	20	21	23	24	25	26	28	29	30	31	35	37	38	39	40	41	45	46	47	48	49	50	51	55	56	60	61
7	9	10	11	13	17	18	19	20	21	23	24	25	27	28	29	30	31	35	36	38	39	40	41	45	46	47	48	49	50	51	55	56	60	61
7	8	12	14	15	17	18	19	20	21	22	24	25	27	28	33	34	35	36	37	38	39	40	41	43	44	47	50	52	53	54	55	56	59	62
7	8	12	13	15	16	18	19	20	21	22	23	25	26	28	32	34	35	36	37	38	39	40	41	42	44	46	49	52	53	54	55	56	58	62
7	8	12	13	14	16	17	19	20	21	22	23	24	26	27	32	33	35	36	37	38	39	40	41	42	43	45	48	52	53	54	55	56	57	62
7	8	10	11	12	17	18	19	20	21	22	24	25	27	28	29	30	31	33	34	38	39	40	41	43	44	47	48	49	50	51	54	56	59	61
7	8	10	11	12	14	15	19	20	21	22	24	25	27	28	29	30	31	33	34	35	36	37	41	43	44	45	46	47	50	51	54	55	59	60
7	8	9	11	12	16	18	19	20	21	22	23	25	26	28	29	30	31	32	34	38	39	40	41	42	44	46	48	49	50	51	53	56	58	61
7	8	9	11	12	13	15	19	20	21	22	23	25	26	28	29	30	31	32	34	35	36	37	41	42	44	45	46	47	49	51	53	55	58	60
7	8	9	10	12	16	17	19	20	21	22	23	24	26	27	29	30	31	32	33	38	39	40	41	42	43	45	48	49	50	51	52	56	57	61
7	8	9	10	12	13	14	19	20	21	22	23	24	26	27	29	30	31	32	33	35	36	37	41	42	43	45	46	47	48	51	52	55	57	60
10	11	12	13	15	16	17	19	20	21	25	27	29	30	31	32	33	34	35	36	37	38	39	40	41	46	47	48	50	51	52	53	54	55	56	60	61	62
10	11	12	13	14	16	18	19	20	21	24	28	29	30	31	32	33	34	35	36	37	38	39	40	41	45	47	49	50	51	52	53	54	55	56	60	61	62
9	11	12	14	15	16	17	19	20	21	25	26	29	30	31	32	33	34	35	36	37	38	39	40	41	46	47	48	49	51	52	53	54	55	56	60	61	62
9	11	12	13	14	17	18	19	20	21	23	28	29	30	31	32	33	34	35	36	37	38	39	40	41	45	46	49	50	51	52	53	54	55	56	60	61	62
9	10	12	14	15	16	18	19	20	21	24	26	29	30	31	32	33	34	35	36	37	38	39	40	41	45	47	48	49	51	52	53	54	55	56	60	61	62
9	10	12	13	15	17	18	19	20	21	23	27	29	30	31	32	33	34	35	36	37	38	39	40	41	45	46	48	50	51	52	53	54	55	56	60	61	62
8	11	12	13	14	17	18	19	20	21	22	27	28	30	31	32	33	34	35	36	37	38	39	40	41	43	44	49	50	51	52	53	54	55	56	59	61	62
8	11	12	13	14	16	18	19	20	21	22	26	28	30	31	32	33	34	35	36	37	38	39	40	41	42	44	49	50	51	52	53	54	55	56	58	61	62
8	10	12	13	15	17	18	19	20	21	22	27	28	29	31	32	33	34	35	36	37	38	39	40	41	43	44	48	50	51	52	53	54	55	56	59	61	62
8	10	12	13	15	16	17	19	20	21	22	26	27	29	31	32	33	34	35	36	37	38	39	40	41	42	43	48	50	51	52	53	54	55	56	57	61	62
8	10	11	13	15	16	17	19	20	21	25	26	27	28	29	30	31	32	35	36	37	38	39	40	41	46	47	48	49	50	51	52	53	55	56	60	61	62
8	10	11	13	14	16	18	19	20	21	24	26	27	28	29	30	31	32	35	36	37	38	39	40	41	45	47	48	49	50	51	52	53	55	56	60	61	62
8	10	11	12	13	16	18	19	20	21	22	26	27	28	29	30	31	32	34	35	36	38	39	40	41	42	44	48	49	50	51	52	53	55	56	58	61	62
8	10	11	12	13	16	17	19	20	21	22	26	27	28	29	30	31	32	33	35	36	38	39	40	41	42	43	48	49	50	51	52	53	55	56	57	61	62
8	9	12	14	15	16	18	19	20	21	22	26	28	29	30	32	33	34	35	36	37	38	39	40	41	42	44	48	49	51	52	53	54	55	56	58	61	62
8	9	12	14	15	16	17	19	20	21	22	26	27	29	30	32	33	34	35	36	37	38	39	40	41	42	43	48	49	51	52	53	54	55	56	57	61	62
8	9	11	14	15	16	17	19	20	21	25	26	27	28	29	30	31	33	35	36	37	38	39	40	41	46	47	48	49	50	51	52	54	55	56	60	61	62
8	9	11	13	14	17	18	19	20	21	23	26	27	28	29	30	31	33	35	36	37	38	39	40	41	45	46	48	49	50	51	52	54	55	56	60	61	62
8	9	11	12	14	17	18	19	20	21	22	26	27	28	29	30	31	33	34	35	37	38	39	40	41	43	44	48	49	50	51	52	54	55	56	59	61	62
8	9	11	12	14	16	17	19	20	21	22	26	27	28	29	30	31	32	33	35	37	38	39	40	41	42	43	48	49	50	51	52	54	55	56	57	61	62
8	9	10	14	15	16	18	19	20	21	24	26	27	28	29	30	31	34	35	36	37	38	39	40	41	45	47	48	49	50	51	53	54	55	56	60	61	62
8	9	10	13	15	17	18	19	20	21	23	26	27	28	29	30	31	34	35	36	37	38	39	40	41	45	46	48	49	50	51	53	54	55	56	60	61	62
8	9	10	12	15	17	18	19	20	21	22	26	27	28	29	30	31	33	34	36	37	38	39	40	41	43	44	48	49	50	51	53	54	55	56	59	61	62
8	9	10	12	15	16	18	19	20	21	22	26	27	28	29	30	31	32	34	36	37	38	39	40	41	42	44	48	49	50	51	53	54	55	56	58	61	62
7	11	12	14	15	16	17	19	20	21	22	24	25	30	31	32	33	34	35	36	37	38	39	40	41	43	44	46	47	51	52	53	54	55	56	59	60	62
7	11	12	13	15	16	17	19	20	21	22	23	25	30	31	32	33	34	35	36	37	38	39	40	41	42	44	46	47	51	52	53	54	55	56	58	60	62
7	10	12	14	15	16	18	19	20	21	22	24	25	29	31	32	33	34	35	36	37	38	39	40	41	43	44	45	47	51	52	53	54	55	56	59	60	62
7	10	12	13	14	16	18	19	20	21	22	23	24	29	31	32	33	34	35	36	37	38	39	40	41	42	43	45	47	51	52	53	54	55	56	57	60	62
7	10	11	13	15	16	17	19	20	21	23	24	25	27	29	30	31	32	35	36	37	38	39	40	41	45	46	47	48	50	51	52	53	55	56	60	61	62
7	10	11	13	14	16	18	19	20	21	23	24	25	28	29	30	31	32	35	36	37	38	39	40	41	45	46	47	49	50	51	52	53	55	56	60	61	62
7	10	11	12	13	15	16	19	20	21	22	23	24	25	29	30	31	32	34	35	36	37	38	39	41	42	44	45	46	47	51	52	53	55	56	58	60	62
7	10	11	12	13	14	16	19	20	21	22	23	24	25	29	30	31	32	33	35	36	37	38	39	41	42	43	45	46	47	51	52	53	55	56	57	60	62
7	9	12	13	15	17	18	19	20	21	22	23	25	29	30	32	33	34	35	36	37	38	39	40	41	42	44	45	46	51	52	53	54	55	56	58	60	62
7	9	12	13	14	17	18	19	20	21	22	23	24	29	30	32	33	34	35	36	37	38	39	40	41	42	43	45	46	51	52	53	54	55	56	57	60	62
7	9	11	14	15	16	17	19	20	21	23	24	25	26	29	30	31	33	35	36	37	38	39	40	41	45	46	47	48	49	51	52	54	55	56	60	61	62
7	9	11	13	14	17	18	19	20	21	23	24	25	28	29	30	31	33	35	36	37	38	39	40	41	45	46	47	49	50	51	52	54	55	56	60	61	62
7	9	11	12	14	15	17	19	20	21	22	23	24	25	29	30	31	33	34	35	36	37	38	40	41	43	44	45	46	47	51	52	54	55	56	59	60	62
7	9	11	12	13	14	17	19	20	21	22	23	24	25	29	30	31	32	33	35	36	37	38	40	41	42	43	45	46	47	51	52	54	55	56	57	60	62
7	9	10	14	15	16	18	19	20	21	23	24	25	26	29	30	31	34	35	36	37	38	39	40	41	45	46	47	48	49	51	53	54	55	56	60	61	62
7	9	10	13	15	17	18	19	20	21	23	24	25	27	29	30	31	34	35	36	37	38	39	40	41	45	46	47	48	50	51	53	54	55	56	60	61	62
7	9	10	12	14	15	18	19	20	21	22	23	24	25	29	30	31	33	34	35	36	37	39	40	41	43	44	45	46	47	51	53	54	55	56	59	60	62
7	9	10	12	13	15	18	19	20	21	22	23	24	25	29	30	31	32	34	35	36	37	39	40	41	42	44	45	46	47	51	53	54	55	56	58	60	62
7	8	12	14	15	16	18	19	20	21	22	24	25	26	28	32	33	34	35	36	37	38	39	40	41	42	43	44	47	49	52	53	54	55	56	58	59	62
7	8	12	14	15	16	17	19	20	21	22	24	25	26	27	32	33	34	35	36	37	38	39	40	41	42	43	44	47	48	52	53	54	55	56	57	59	62
7	8	12	13	15	17	18	19	20	21	22	23	25	27	28	32	33	34	35	36	37	38	39	40	41	42	43	44	46	50	52	53	54	55	56	58	59	62
7	8	12	13	15	16	17	19	20	21	22	23	25	26	27	32	33	34	35	36	37	38	39	40	41	42	43	44	46	48	52	53	54	55	56	57	58	62
7	8	12	13	14	17	18	19	20	21	22	23	24	27	28	32	33	34	35	36	37	38	39	40	41	42	43	44	45	50	52	53	54	55	56	57	59	62
7	8	12	13	14	16	18	19	20	21	22	23	24	26	28	32	33	34	35	36	37	38	39	40	41	42	43	44	45	49	52	53	54	55	56	57	58	62
7	8	11	12	14	17	18	19	20	21	22	24	25	27	28	30	31	33	34	35	37	38	39	40	41	43	44	47	49	50	51	52	54	55	56	59	61	62
7	8	11	12	14	15	17	19	20	21	22	24	25	27	28	30	31	33	34	35	36	37	38	40	41	43	44	46	47	50	51	52	54	55	56	59	60	62
7	8	11	12	13	16	18	19	20	21	22	23	25	26	28	30	31	32	34	35	36	38	39	40	41	42	44	46	49	50	51	52	53	55	56	58	61	62
7	8	11	12	13	15	16	19	20	21	22	23	25	26	28	30	31	32	34	35	36	37	38	39	41	42	44	46	47	49	51	52	53	55	56	58	60	62
7	8	10	12	15	17	18	19	20	21	22	24	25	27	28	29	31	33	34	36	37	38	39	40	41	43	44	47	48	50	51	53	54	55	56	59	61	62
7	8	10	12	14	15	18	19	20	21	22	24	25	27	28	29	31	33	34	35	36	37	39	40	41	43	44	45	47	50	51	53	54	55	56	59	60	62
7	8	10	12	13	16	17	19	20	21	22	23	24	26	27	29	31	32	33	35	36	38	39	40	41	42	43	45	48	50	51	52	53	55	56	57	61	62
7	8	10	12	13	14	16	19	20	21	22	23	24	26	27	29	31	32	33	35	36	37	38	39	41	42	43	45	47	48	51	52	53	55	56	57	60	62
7	8	10	11	15	16	17	19	20	21	22	24	25	26	27	28	29	30	31	36	37	38	39	40	41	43	44	46	47	48	49	50	51	55	56	59	60	61
7	8	10	11	14	16	18	19	20	21	22	24	25	26	27	28	29	30	31	35	37	38	39	40	41	43	44	45	47	48	49	50	51	55	56	59	60	61
7	8	10	11	13	15	17	19	20	21	22	23	24	25	27	28	29	30	31	35	36	37	38	40	41	43	44	45	46	47	48	50	51	55	56	59	60	61
7	8	10	11	13	14	18	19	20	21	22	23	24	25	27	28	29	30	31	35	36	37	39	40	41	43	44	45	46	47	49	50	51	55	56	59	60	61
7	8	10	11	12	16	18	19	20	21	22	24	25	26	27	28	29	30	31	32	34	38	39	40	41	42	43	44	47	48	49	50	51	53	56	58	59	61
7	8	10	11	12	16	17	19	20	21	22	24	25	26	27	28	29	30	31	32	33	38	39	40	41	42	43	44	47	48	49	50	51	52	56	57	59	61
7	8	10	11	12	15	17	19	20	21	22	24	25	27	28	29	30	31	33	34	36	37	38	40	41	43	44	46	47	48	50	51	54	55	56	59	60	61
7	8	10	11	12	14	18	19	20	21	22	24	25	27	28	29	30	31	33	34	35	37	39	40	41	43	44	45	47	49	50	51	54	55	56	59	60	61
7	8	10	11	12	13	15	19	20	21	22	23	24	25	27	28	29	30	31	32	34	35	36	37	41	42	43	44	45	46	47	50	51	53	55	58	59	60
7	8	10	11	12	13	14	19	20	21	22	23	24	25	27	28	29	30	31	32	33	35	36	37	41	42	43	44	45	46	47	50	51	52	55	57	59	60
7	8	9	12	15	16	18	19	20	21	22	23	25	26	28	29	30	32	34	36	37	38	39	40	41	42	44	46	48	49	51	53	54	55	56	58	61	62
7	8	9	12	14	16	17	19	20	21	22	23	24	26	27	29	30	32	33	35	37	38	39	40	41	42	43	45	48	49	51	52	54	55	56	57	61	62
7	8	9	12	13	15	18	19	20	21	22	23	25	26	28	29	30	32	34	35	36	37	39	40	41	42	44	45	46	49	51	53	54	55	56	58	60	62
7	8	9	12	13	14	17	19	20	21	22	23	24	26	27	29	30	32	33	35	36	37	38	40	41	42	43	45	46	48	51	52	54	55	56	57	60	62
7	8	9	11	15	16	17	19	20	21	22	23	25	26	27	28	29	30	31	36	37	38	39	40	41	42	44	46	47	48	49	50	51	55	56	58	60	61
7	8	9	11	14	15	16	19	20	21	22	23	24	25	26	28	29	30	31	35	36	37	38	39	41	42	44	45	46	47	48	49	51	55	56	58	60	61
7	8	9	11	13	17	18	19	20	21	22	23	25	26	27	28	29	30	31	35	36	38	39	40	41	42	44	45	46	48	49	50	51	55	56	58	60	61
7	8	9	11	13	14	18	19	20	21	22	23	24	25	26	28	29	30	31	35	36	37	39	40	41	42	44	45	46	47	49	50	51	55	56	58	60	61
7	8	9	11	12	17	18	19	20	21	22	23	25	26	27	28	29	30	31	33	34	38	39	40	41	42	43	44	46	48	49	50	51	54	56	58	59	61
7	8	9	11	12	16	17	19	20	21	22	23	25	26	27	28	29	30	31	32	33	38	39	40	41	42	43	44	46	48	49	50	51	52	56	57	58	61
7	8	9	11	12	15	16	19	20	21	22	23	25	26	28	29	30	31	32	34	36	37	38	39	41	42	44	46	47	48	49	51	53	55	56	58	60	61
7	8	9	11	12	14	15	19	20	21	22	23	24	25	26	28	29	30	31	33	34	35	36	37	41	42	43	44	45	46	47	49	51	54	55	58	59	60
7	8	9	11	12	13	18	19	20	21	22	23	25	26	28	29	30	31	32	34	35	36	39	40	41	42	44	45	46	49	50	51	53	55	56	58	60	61
7	8	9	11	12	13	14	19	20	21	22	23	24	25	26	28	29	30	31	32	33	35	36	37	41	42	43	44	45	46	47	49	51	52	55	57	58	60
7	8	9	10	14	16	18	19	20	21	22	23	24	26	27	28	29	30	31	35	37	38	39	40	41	42	43	45	47	48	49	50	51	55	56	57	60	61
7	8	9	10	14	15	16	19	20	21	22	23	24	25	26	27	29	30	31	35	36	37	38	39	41	42	43	45	46	47	48	49	51	55	56	57	60	61
7	8	9	10	13	17	18	19	20	21	22	23	24	26	27	28	29	30	31	35	36	38	39	40	41	42	43	45	46	48	49	50	51	55	56	57	60	61
7	8	9	10	13	15	17	19	20	21	22	23	24	25	26	27	29	30	31	35	36	37	38	40	41	42	43	45	46	47	48	50	51	55	56	57	60	61
7	8	9	10	12	17	18	19	20	21	22	23	24	26	27	28	29	30	31	33	34	38	39	40	41	42	43	44	45	48	49	50	51	54	56	57	59	61
7	8	9	10	12	16	18	19	20	21	22	23	24	26	27	28	29	30	31	32	34	38	39	40	41	42	43	44	45	48	49	50	51	53	56	57	58	61
7	8	9	10	12	14	16	19	20	21	22	23	24	26	27	29	30	31	32	33	35	37	38	39	41	42	43	45	47	48	49	51	52	55	56	57	60	61
7	8	9	10	12	14	15	19	20	21	22	23	24	25	26	27	29	30	31	33	34	35	36	37	41	42	43	44	45	46	47	48	51	54	55	57	59	60
7	8	9	10	12	13	17	19	20	21	22	23	24	26	27	29	30	31	32	33	35	36	38	40	41	42	43	45	46	48	50	51	52	55	56	57	60	61
7	8	9	10	12	13	15	19	20	21	22	23	24	25	26	27	29	30	31	32	34	35	36	37	41	42	43	44	45	46	47	48	51	53	55	57	58	60
9	10	11	12	15	16	17	19	20	21	25	26	27	29	30	31	32	33	34	36	37	38	39	40	41	46	47	48	49	50	51	52	53	54	55	56	60	61	62
9	10	11	12	14	16	18	19	20	21	24	26	28	29	30	31	32	33	34	35	37	38	39	40	41	45	47	48	49	50	51	52	53	54	55	56	60	61	62
9	10	11	12	14	15	16	19	20	21	24	25	26	29	30	31	32	33	34	35	36	37	38	39	41	45	46	47	48	49	51	52	53	54	55	56	60	61	62
9	10	11	12	13	17	18	19	20	21	23	27	28	29	30	31	32	33	34	35	36	38	39	40	41	45	46	48	49	50	51	52	53	54	55	56	60	61	62
9	10	11	12	13	15	17	19	20	21	23	25	27	29	30	31	32	33	34	35	36	37	38	40	41	45	46	47	48	50	51	52	53	54	55	56	60	61	62
9	10	11	12	13	14	18	19	20	21	23	24	28	29	30	31	32	33	34	35	36	37	39	40	41	45	46	47	49	50	51	52	53	54	55	56	60	61	62
8	11	13	14	15	16	17	19	20	21	25	26	27	28	30	31	32	33	35	36	37	38	39	40	41	46	47	48	49	50	51	52	53	54	55	56	60	61	62
8	11	12	13	14	16	17	19	20	21	22	26	27	28	30	31	32	33	35	36	37	38	39	40	41	42	43	48	49	50	51	52	53	54	55	56	57	61	62
8	11	12	13	14	15	17	19	20	21	22	25	27	28	30	31	32	33	34	35	36	37	38	40	41	43	44	46	47	50	51	52	53	54	55	56	59	60	62
8	11	12	13	14	15	16	19	20	21	22	25	26	28	30	31	32	33	34	35	36	37	38	39	41	42	44	46	47	49	51	52	53	54	55	56	58	60	62
8	10	13	14	15	16	18	19	20	21	24	26	27	28	29	31	32	34	35	36	37	38	39	40	41	45	47	48	49	50	51	52	53	54	55	56	60	61	62
8	10	12	13	15	16	18	19	20	21	22	26	27	28	29	31	32	34	35	36	37	38	39	40	41	42	44	48	49	50	51	52	53	54	55	56	58	61	62
8	10	12	13	14	15	18	19	20	21	22	24	27	28	29	31	32	33	34	35	36	37	39	40	41	43	44	45	47	50	51	52	53	54	55	56	59	60	62
8	10	12	13	14	15	16	19	20	21	22	24	26	27	29	31	32	33	34	35	36	37	38	39	41	42	43	45	47	48	51	52	53	54	55	56	57	60	62
8	10	11	13	14	15	16	19	20	21	24	25	26	27	28	29	30	31	32	35	36	37	38	39	41	45	46	47	48	49	50	51	52	53	55	56	60	61	62
8	10	11	12	13	17	18	19	20	21	22	27	28	29	30	31	32	33	34	35	36	38	39	40	41	43	44	48	49	50	51	52	53	54	55	56	59	61	62
8	10	11	12	13	14	15	19	20	21	22	24	25	27	28	29	30	31	32	33	34	35	36	37	41	43	44	45	46	47	50	51	52	53	54	55	59	60	62
8	9	13	14	15	17	18	19	20	21	23	26	27	28	29	30	33	34	35	36	37	38	39	40	41	45	46	48	49	50	51	52	53	54	55	56	60	61	62
8	9	12	14	15	17	18	19	20	21	22	26	27	28	29	30	33	34	35	36	37	38	39	40	41	43	44	48	49	50	51	52	53	54	55	56	59	61	62
8	9	12	13	14	15	18	19	20	21	22	23	26	28	29	30	32	33	34	35	36	37	39	40	41	42	44	45	46	49	51	52	53	54	55	56	58	60	62
8	9	12	13	14	15	17	19	20	21	22	23	26	27	29	30	32	33	34	35	36	37	38	40	41	42	43	45	46	48	51	52	53	54	55	56	57	60	62
8	9	11	13	14	15	17	19	20	21	23	25	26	27	28	29	30	31	33	35	36	37	38	40	41	45	46	47	48	49	50	51	52	54	55	56	60	61	62
8	9	11	12	14	16	18	19	20	21	22	26	28	29	30	31	32	33	34	35	37	38	39	40	41	42	44	48	49	50	51	52	53	54	55	56	58	61	62
8	9	11	12	13	14	15	19	20	21	22	23	25	26	28	29	30	31	32	33	34	35	36	37	41	42	44	45	46	47	49	51	52	53	54	55	58	60	62
8	9	10	13	14	15	18	19	20	21	23	24	26	27	28	29	30	31	34	35	36	37	39	40	41	45	46	47	48	49	50	51	53	54	55	56	60	61	62
8	9	10	12	15	16	17	19	20	21	22	26	27	29	30	31	32	33	34	36	37	38	39	40	41	42	43	48	49	50	51	52	53	54	55	56	57	61	62
8	9	10	12	13	14	15	19	20	21	22	23	24	26	27	29	30	31	32	33	34	35	36	37	41	42	43	45	46	47	48	51	52	53	54	55	57	60	62
8	9	10	11	12	15	17	19	20	21	22	25	26	27	28	29	30	31	33	34	36	37	38	40	41	43	44	46	47	48	49	50	51	54	55	56	59	60	61
8	9	10	11	12	15	16	19	20	21	22	25	26	27	28	29	30	31	32	34	36	37	38	39	41	42	44	46	47	48	49	50	51	53	55	56	58	60	61
8	9	10	11	12	14	18	19	20	21	22	24	26	27	28	29	30	31	33	34	35	37	39	40	41	43	44	45	47	48	49	50	51	54	55	56	59	60	61
8	9	10	11	12	14	16	19	20	21	22	24	26	27	28	29	30	31	32	33	35	37	38	39	41	42	43	45	47	48	49	50	51	52	55	56	57	60	61
8	9	10	11	12	14	15	19	20	21	22	24	25	26	27	28	29	30	31	33	34	35	36	37	41	43	44	45	46	47	48	49	50	51	54	55	59	60	61
8	9	10	11	12	13	18	19	20	21	22	23	26	27	28	29	30	31	32	34	35	36	39	40	41	42	44	45	46	48	49	50	51	53	55	56	58	60	61
8	9	10	11	12	13	17	19	20	21	22	23	26	27	28	29	30	31	32	33	35	36	38	40	41	42	43	45	46	48	49	50	51	52	55	56	57	60	61
8	9	10	11	12	13	15	19	20	21	22	23	25	26	27	28	29	30	31	32	34	35	36	37	41	42	44	45	46	47	48	49	50	51	53	55	58	60	61
8	9	10	11	12	13	14	19	20	21	22	23	24	26	27	28	29	30	31	32	33	35	36	37	41	42	43	45	46	47	48	49	50	51	52	55	57	60	61
7	11	13	14	16	17	18	19	20	21	23	24	25	28	30	31	32	33	35	36	37	38	39	40	41	45	46	47	49	50	51	52	53	54	55	56	60	61	62
7	11	12	14	16	17	18	19	20	21	22	24	25	28	30	31	32	33	34	35	37	38	39	40	41	43	44	47	49	50	51	52	53	54	55	56	59	61	62
7	11	12	13	16	17	18	19	20	21	22	23	25	28	30	31	32	33	34	35	36	38	39	40	41	42	44	46	49	50	51	52	53	54	55	56	58	61	62
7	11	12	13	14	16	17	19	20	21	22	23	24	25	30	31	32	33	35	36	37	38	39	40	41	42	43	45	46	47	51	52	53	54	55	56	57	60	62
7	10	13	15	16	17	18	19	20	21	23	24	25	27	29	31	32	34	35	36	37	38	39	40	41	45	46	47	48	50	51	52	53	54	55	56	60	61	62
7	10	12	15	16	17	18	19	20	21	22	24	25	27	29	31	32	33	34	36	37	38	39	40	41	43	44	47	48	50	51	52	53	54	55	56	59	61	62
7	10	12	13	16	17	18	19	20	21	22	23	24	27	29	31	32	33	34	35	36	38	39	40	41	42	43	45	48	50	51	52	53	54	55	56	57	61	62
7	10	12	13	15	16	18	19	20	21	22	23	24	25	29	31	32	34	35	36	37	38	39	40	41	42	44	45	46	47	51	52	53	54	55	56	58	60	62
7	10	11	13	16	17	18	19	20	21	23	24	25	27	28	29	30	31	32	35	36	38	39	40	41	45	46	47	48	49	50	51	52	53	55	56	60	61	62
7	10	11	12	16	17	18	19	20	21	22	24	25	27	28	29	30	31	32	33	34	38	39	40	41	43	44	47	48	49	50	51	52	53	54	56	59	61	62
7	10	11	12	14	15	16	19	20	21	22	24	25	29	30	31	32	33	34	35	36	37	38	39	41	43	44	45	46	47	51	52	53	54	55	56	59	60	62
7	9	14	15	16	17	18	19	20	21	23	24	25	26	29	30	33	34	35	36	37	38	39	40	41	45	46	47	48	49	51	52	53	54	55	56	60	61	62
7	9	12	15	16	17	18	19	20	21	22	23	25	26	29	30	32	33	34	36	37	38	39	40	41	42	44	46	48	49	51	52	53	54	55	56	58	61	62
7	9	12	14	16	17	18	19	20	21	22	23	24	26	29	30	32	33	34	35	37	38	39	40	41	42	43	45	48	49	51	52	53	54	55	56	57	61	62
7	9	12	14	15	17	18	19	20	21	22	23	24	25	29	30	33	34	35	36	37	38	39	40	41	43	44	45	46	47	51	52	53	54	55	56	59	60	62
7	9	11	14	16	17	18	19	20	21	23	24	25	26	28	29	30	31	33	35	37	38	39	40	41	45	46	47	48	49	50	51	52	54	55	56	60	61	62
7	9	11	12	16	17	18	19	20	21	22	23	25	26	28	29	30	31	32	33	34	38	39	40	41	42	44	46	48	49	50	51	52	53	54	56	58	61	62
7	9	11	12	13	15	17	19	20	21	22	23	25	29	30	31	32	33	34	35	36	37	38	40	41	42	44	45	46	47	51	52	53	54	55	56	58	60	62
7	9	10	15	16	17	18	19	20	21	23	24	25	26	27	29	30	31	34	36	37	38	39	40	41	45	46	47	48	49	50	51	53	54	55	56	60	61	62
7	9	10	12	16	17	18	19	20	21	22	23	24	26	27	29	30	31	32	33	34	38	39	40	41	42	43	45	48	49	50	51	52	53	54	56	57	61	62
7	9	10	12	13	14	18	19	20	21	22	23	24	29	30	31	32	33	34	35	36	37	39	40	41	42	43	45	46	47	51	52	53	54	55	56	57	60	62
7	9	10	11	12	17	18	19	20	21	22	23	24	25	27	28	29	30	31	33	34	38	39	40	41	43	44	45	46	47	48	49	50	51	54	56	59	60	61
7	9	10	11	12	16	18	19	20	21	22	23	24	25	26	28	29	30	31	32	34	38	39	40	41	42	44	45	46	47	48	49	50	51	53	56	58	60	61
7	9	10	11	12	16	17	19	20	21	22	23	24	25	26	27	29	30	31	32	33	38	39	40	41	42	43	45	46	47	48	49	50	51	52	56	57	60	61
7	9	10	11	12	15	17	19	20	21	22	23	24	25	27	29	30	31	33	34	36	37	38	40	41	43	44	45	46	47	48	50	51	54	55	56	59	60	61
7	9	10	11	12	15	16	19	20	21	22	23	24	25	26	29	30	31	32	34	36	37	38	39	41	42	44	45	46	47	48	49	51	53	55	56	58	60	61
7	9	10	11	12	14	18	19	20	21	22	23	24	25	28	29	30	31	33	34	35	37	39	40	41	43	44	45	46	47	49	50	51	54	55	56	59	60	61
7	9	10	11	12	14	16	19	20	21	22	23	24	25	26	29	30	31	32	33	35	37	38	39	41	42	43	45	46	47	48	49	51	52	55	56	57	60	61
7	9	10	11	12	13	18	19	20	21	22	23	24	25	28	29	30	31	32	34	35	36	39	40	41	42	44	45	46	47	49	50	51	53	55	56	58	60	61
7	9	10	11	12	13	17	19	20	21	22	23	24	25	27	29	30	31	32	33	35	36	38	40	41	42	43	45	46	47	48	50	51	52	55	56	57	60	61
7	8	14	15	16	17	18	19	20	21	22	24	25	26	27	28	33	34	35	36	37	38	39	40	41	43	44	47	48	49	50	52	53	54	55	56	59	61	62
7	8	13	15	16	17	18	19	20	21	22	23	25	26	27	28	32	34	35	36	37	38	39	40	41	42	44	46	48	49	50	52	53	54	55	56	58	61	62
7	8	13	14	16	17	18	19	20	21	22	23	24	26	27	28	32	33	35	36	37	38	39	40	41	42	43	45	48	49	50	52	53	54	55	56	57	61	62
7	8	13	14	15	17	18	19	20	21	22	23	24	25	27	28	33	34	35	36	37	38	39	40	41	43	44	45	46	47	50	52	53	54	55	56	59	60	62
7	8	13	14	15	16	18	19	20	21	22	23	24	25	26	28	32	34	35	36	37	38	39	40	41	42	44	45	46	47	49	52	53	54	55	56	58	60	62
7	8	13	14	15	16	17	19	20	21	22	23	24	25	26	27	32	33	35	36	37	38	39	40	41	42	43	45	46	47	48	52	53	54	55	56	57	60	62
7	8	11	14	16	17	18	19	20	21	22	24	25	26	27	28	30	31	33	35	37	38	39	40	41	43	44	47	48	49	50	51	52	54	55	56	59	61	62
7	8	11	13	16	17	18	19	20	21	22	23	25	26	27	28	30	31	32	35	36	38	39	40	41	42	44	46	48	49	50	51	52	53	55	56	58	61	62
7	8	11	13	14	15	17	19	20	21	22	23	24	25	27	28	30	31	33	35	36	37	38	40	41	43	44	45	46	47	50	51	52	54	55	56	59	60	62
7	8	11	13	14	15	16	19	20	21	22	23	24	25	26	28	30	31	32	35	36	37	38	39	41	42	44	45	46	47	49	51	52	53	55	56	58	60	62
7	8	10	15	16	17	18	19	20	21	22	24	25	26	27	28	29	31	34	36	37	38	39	40	41	43	44	47	48	49	50	51	53	54	55	56	59	61	62
7	8	10	13	16	17	18	19	20	21	22	23	24	26	27	28	29	31	32	35	36	38	39	40	41	42	43	45	48	49	50	51	52	53	55	56	57	61	62
7	8	10	13	14	15	18	19	20	21	22	23	24	25	27	28	29	31	34	35	36	37	39	40	41	43	44	45	46	47	50	51	53	54	55	56	59	60	62
7	8	10	13	14	15	16	19	20	21	22	23	24	25	26	27	29	31	32	35	36	37	38	39	41	42	43	45	46	47	48	51	52	53	55	56	57	60	62
7	8	10	11	14	15	16	19	20	21	22	24	25	26	27	28	29	30	31	35	36	37	38	39	41	43	44	45	46	47	48	49	50	51	55	56	59	60	61
7	8	10	11	13	17	18	19	20	21	22	23	24	25	27	28	29	30	31	35	36	38	39	40	41	43	44	45	46	47	48	49	50	51	55	56	59	60	61
7	8	9	15	16	17	18	19	20	21	22	23	25	26	27	28	29	30	34	36	37	38	39	40	41	42	44	46	48	49	50	51	53	54	55	56	58	61	62
7	8	9	14	16	17	18	19	20	21	22	23	24	26	27	28	29	30	33	35	37	38	39	40	41	42	43	45	48	49	50	51	52	54	55	56	57	61	62
7	8	9	13	14	15	18	19	20	21	22	23	24	25	26	28	29	30	34	35	36	37	39	40	41	42	44	45	46	47	49	51	53	54	55	56	58	60	62
7	8	9	13	14	15	17	19	20	21	22	23	24	25	26	27	29	30	33	35	36	37	38	40	41	42	43	45	46	47	48	51	52	54	55	56	57	60	62
7	8	9	11	14	16	18	19	20	21	22	23	24	25	26	28	29	30	31	35	37	38	39	40	41	42	44	45	46	47	48	49	50	51	55	56	58	60	61
7	8	9	11	13	15	17	19	20	21	22	23	25	26	27	28	29	30	31	35	36	37	38	40	41	42	44	45	46	47	48	49	50	51	55	56	58	60	61
7	8	9	10	15	16	17	19	20	21	22	23	24	25	26	27	29	30	31	36	37	38	39	40	41	42	43	45	46	47	48	49	50	51	55	56	57	60	61
7	8	9	10	13	14	18	19	20	21	22	23	24	26	27	28	29	30	31	35	36	37	39	40	41	42	43	45	46	47	48	49	50	51	55	56	57	60	61
8	10	11	12	13	15	17	19	20	21	22	25	27	28	29	30	31	32	33	34	35	36	37	38	40	41	43	44	46	47	48	50	51	52	53	54	55	56	59	60	61	62
8	10	11	12	13	15	16	19	20	21	22	25	26	27	28	29	30	31	32	34	35	36	37	38	39	41	42	44	46	47	48	49	50	51	52	53	55	56	58	60	61	62
8	10	11	12	13	14	18	19	20	21	22	24	27	28	29	30	31	32	33	34	35	36	37	39	40	41	43	44	45	47	49	50	51	52	53	54	55	56	59	60	61	62
8	10	11	12	13	14	16	19	20	21	22	24	26	27	28	29	30	31	32	33	35	36	37	38	39	41	42	43	45	47	48	49	50	51	52	53	55	56	57	60	61	62
8	9	11	12	14	15	17	19	20	21	22	25	26	27	28	29	30	31	33	34	35	36	37	38	40	41	43	44	46	47	48	49	50	51	52	54	55	56	59	60	61	62
8	9	11	12	14	15	16	19	20	21	22	25	26	28	29	30	31	32	33	34	35	36	37	38	39	41	42	44	46	47	48	49	51	52	53	54	55	56	58	60	61	62
8	9	11	12	13	14	18	19	20	21	22	23	26	28	29	30	31	32	33	34	35	36	37	39	40	41	42	44	45	46	49	50	51	52	53	54	55	56	58	60	61	62
8	9	11	12	13	14	17	19	20	21	22	23	26	27	28	29	30	31	32	33	35	36	37	38	40	41	42	43	45	46	48	49	50	51	52	54	55	56	57	60	61	62
8	9	10	12	14	15	18	19	20	21	22	24	26	27	28	29	30	31	33	34	35	36	37	39	40	41	43	44	45	47	48	49	50	51	53	54	55	56	59	60	61	62
8	9	10	12	14	15	16	19	20	21	22	24	26	27	29	30	31	32	33	34	35	36	37	38	39	41	42	43	45	47	48	49	51	52	53	54	55	56	57	60	61	62
8	9	10	12	13	15	18	19	20	21	22	23	26	27	28	29	30	31	32	34	35	36	37	39	40	41	42	44	45	46	48	49	50	51	53	54	55	56	58	60	61	62
8	9	10	12	13	15	17	19	20	21	22	23	26	27	29	30	31	32	33	34	35	36	37	38	40	41	42	43	45	46	48	50	51	52	53	54	55	56	57	60	61	62
7	10	11	12	15	16	17	19	20	21	22	24	25	27	29	30	31	32	33	34	36	37	38	39	40	41	43	44	46	47	48	50	51	52	53	54	55	56	59	60	61	62
7	10	11	12	14	16	18	19	20	21	22	24	25	28	29	30	31	32	33	34	35	37	38	39	40	41	43	44	45	47	49	50	51	52	53	54	55	56	59	60	61	62
7	10	11	12	13	16	18	19	20	21	22	23	24	25	28	29	30	31	32	34	35	36	38	39	40	41	42	44	45	46	47	49	50	51	52	53	55	56	58	60	61	62
7	10	11	12	13	16	17	19	20	21	22	23	24	25	27	29	30	31	32	33	35	36	38	39	40	41	42	43	45	46	47	48	50	51	52	53	55	56	57	60	61	62
7	9	11	12	15	16	17	19	20	21	22	23	25	26	29	30	31	32	33	34	36	37	38	39	40	41	42	44	46	47	48	49	51	52	53	54	55	56	58	60	61	62
7	9	11	12	14	17	18	19	20	21	22	23	24	25	28	29	30	31	33	34	35	37	38	39	40	41	43	44	45	46	47	49	50	51	52	54	55	56	59	60	61	62
7	9	11	12	14	16	17	19	20	21	22	23	24	25	26	29	30	31	32	33	35	37	38	39	40	41	42	43	45	46	47	48	49	51	52	54	55	56	57	60	61	62
7	9	11	12	13	17	18	19	20	21	22	23	25	28	29	30	31	32	33	34	35	36	38	39	40	41	42	44	45	46	49	50	51	52	53	54	55	56	58	60	61	62
7	9	10	12	15	17	18	19	20	21	22	23	24	25	27	29	30	31	33	34	36	37	38	39	40	41	43	44	45	46	47	48	50	51	53	54	55	56	59	60	61	62
7	9	10	12	15	16	18	19	20	21	22	23	24	25	26	29	30	31	32	34	36	37	38	39	40	41	42	44	45	46	47	48	49	51	53	54	55	56	58	60	61	62
7	9	10	12	14	16	18	19	20	21	22	23	24	26	29	30	31	32	33	34	35	37	38	39	40	41	42	43	45	47	48	49	51	52	53	54	55	56	57	60	61	62
7	9	10	12	13	17	18	19	20	21	22	23	24	27	29	30	31	32	33	34	35	36	38	39	40	41	42	43	45	46	48	50	51	52	53	54	55	56	57	60	61	62
7	8	11	14	15	16	17	19	20	21	22	24	25	26	27	28	30	31	33	35	36	37	38	39	40	41	43	44	46	47	48	49	50	51	52	54	55	56	59	60	61	62
7	8	11	13	15	16	17	19	20	21	22	23	25	26	27	28	30	31	32	35	36	37	38	39	40	41	42	44	46	47	48	49	50	51	52	53	55	56	58	60	61	62
7	8	11	13	14	17	18	19	20	21	22	23	24	25	27	28	30	31	33	35	36	37	38	39	40	41	43	44	45	46	47	49	50	51	52	54	55	56	59	60	61	62
7	8	11	13	14	16	18	19	20	21	22	23	24	25	26	28	30	31	32	35	36	37	38	39	40	41	42	44	45	46	47	49	50	51	52	53	55	56	58	60	61	62
7	8	11	12	14	16	18	19	20	21	22	24	25	26	28	30	31	32	33	34	35	37	38	39	40	41	42	43	44	47	49	50	51	52	53	54	55	56	58	59	61	62
7	8	11	12	14	16	17	19	20	21	22	24	25	26	27	28	30	31	32	33	35	37	38	39	40	41	42	43	44	47	48	49	50	51	52	54	55	56	57	59	61	62
7	8	11	12	14	15	16	19	20	21	22	24	25	26	28	30	31	32	33	34	35	36	37	38	39	41	42	43	44	46	47	49	51	52	53	54	55	56	58	59	60	62
7	8	11	12	13	17	18	19	20	21	22	23	25	27	28	30	31	32	33	34	35	36	38	39	40	41	42	43	44	46	49	50	51	52	53	54	55	56	58	59	61	62
7	8	11	12	13	16	17	19	20	21	22	23	25	26	27	28	30	31	32	33	35	36	38	39	40	41	42	43	44	46	48	49	50	51	52	53	55	56	57	58	61	62
7	8	11	12	13	15	17	19	20	21	22	23	25	27	28	30	31	32	33	34	35	36	37	38	40	41	42	43	44	46	47	50	51	52	53	54	55	56	58	59	60	62
7	8	11	12	13	14	17	19	20	21	22	23	24	25	27	28	30	31	32	33	35	36	37	38	40	41	42	43	44	45	46	47	50	51	52	54	55	56	57	59	60	62
7	8	11	12	13	14	16	19	20	21	22	23	24	25	26	28	30	31	32	33	35	36	37	38	39	41	42	43	44	45	46	47	49	51	52	53	55	56	57	58	60	62
7	8	10	14	15	16	18	19	20	21	22	24	25	26	27	28	29	31	34	35	36	37	38	39	40	41	43	44	45	47	48	49	50	51	53	54	55	56	59	60	61	62
7	8	10	13	15	17	18	19	20	21	22	23	24	25	27	28	29	31	34	35	36	37	38	39	40	41	43	44	45	46	47	48	50	51	53	54	55	56	59	60	61	62
7	8	10	13	15	16	17	19	20	21	22	23	24	25	26	27	29	31	32	35	36	37	38	39	40	41	42	43	45	46	47	48	50	51	52	53	55	56	57	60	61	62
7	8	10	13	14	16	18	19	20	21	22	23	24	26	27	28	29	31	32	35	36	37	38	39	40	41	42	43	45	47	48	49	50	51	52	53	55	56	57	60	61	62
7	8	10	12	15	16	18	19	20	21	22	24	25	26	27	28	29	31	32	34	36	37	38	39	40	41	42	43	44	47	48	49	50	51	53	54	55	56	58	59	61	62
7	8	10	12	15	16	17	19	20	21	22	24	25	26	27	29	31	32	33	34	36	37	38	39	40	41	42	43	44	47	48	50	51	52	53	54	55	56	57	59	61	62
7	8	10	12	14	15	16	19	20	21	22	24	25	26	27	29	31	32	33	34	35	36	37	38	39	41	42	43	44	45	47	48	51	52	53	54	55	56	57	59	60	62
7	8	10	12	13	17	18	19	20	21	22	23	24	27	28	29	31	32	33	34	35	36	38	39	40	41	42	43	44	45	48	50	51	52	53	54	55	56	57	59	61	62
7	8	10	12	13	16	18	19	20	21	22	23	24	26	27	28	29	31	32	34	35	36	38	39	40	41	42	43	44	45	48	49	50	51	52	53	55	56	57	58	61	62
7	8	10	12	13	15	18	19	20	21	22	23	24	25	27	28	29	31	32	34	35	36	37	39	40	41	42	43	44	45	46	47	50	51	53	54	55	56	58	59	60	62
7	8	10	12	13	15	16	19	20	21	22	23	24	25	26	27	29	31	32	34	35	36	37	38	39	41	42	43	44	45	46	47	48	51	52	53	55	56	57	58	60	62
7	8	10	12	13	14	18	19	20	21	22	23	24	27	28	29	31	32	33	34	35	36	37	39	40	41	42	43	44	45	47	50	51	52	53	54	55	56	57	59	60	62
7	8	10	11	12	15	16	19	20	21	22	24	25	26	27	28	29	30	31	32	34	36	37	38	39	41	42	43	44	46	47	48	49	50	51	53	55	56	58	59	60	61
7	8	10	11	12	14	16	19	20	21	22	24	25	26	27	28	29	30	31	32	33	35	37	38	39	41	42	43	44	45	47	48	49	50	51	52	55	56	57	59	60	61
7	8	10	11	12	13	18	19	20	21	22	23	24	25	27	28	29	30	31	32	34	35	36	39	40	41	42	43	44	45	46	47	49	50	51	53	55	56	58	59	60	61
7	8	10	11	12	13	17	19	20	21	22	23	24	25	27	28	29	30	31	32	33	35	36	38	40	41	42	43	44	45	46	47	48	50	51	52	55	56	57	59	60	61
7	8	9	14	15	16	18	19	20	21	22	23	24	25	26	28	29	30	34	35	36	37	38	39	40	41	42	44	45	46	47	48	49	51	53	54	55	56	58	60	61	62
7	8	9	14	15	16	17	19	20	21	22	23	24	25	26	27	29	30	33	35	36	37	38	39	40	41	42	43	45	46	47	48	49	51	52	54	55	56	57	60	61	62
7	8	9	13	15	17	18	19	20	21	22	23	25	26	27	28	29	30	34	35	36	37	38	39	40	41	42	44	45	46	48	49	50	51	53	54	55	56	58	60	61	62
7	8	9	13	14	17	18	19	20	21	22	23	24	26	27	28	29	30	33	35	36	37	38	39	40	41	42	43	45	46	48	49	50	51	52	54	55	56	57	60	61	62
7	8	9	12	15	17	18	19	20	21	22	23	25	26	27	28	29	30	33	34	36	37	38	39	40	41	42	43	44	46	48	49	50	51	53	54	55	56	58	59	61	62
7	8	9	12	15	16	17	19	20	21	22	23	25	26	27	29	30	32	33	34	36	37	38	39	40	41	42	43	44	46	48	49	51	52	53	54	55	56	57	58	61	62
7	8	9	12	14	17	18	19	20	21	22	23	24	26	27	28	29	30	33	34	35	37	38	39	40	41	42	43	44	45	48	49	50	51	52	54	55	56	57	59	61	62
7	8	9	12	14	16	18	19	20	21	22	23	24	26	28	29	30	32	33	34	35	37	38	39	40	41	42	43	44	45	48	49	51	52	53	54	55	56	57	58	61	62
7	8	9	12	14	15	18	19	20	21	22	23	24	25	26	28	29	30	33	34	35	36	37	39	40	41	42	43	44	45	46	47	49	51	53	54	55	56	58	59	60	62
7	8	9	12	14	15	17	19	20	21	22	23	24	25	26	27	29	30	33	34	35	36	37	38	40	41	42	43	44	45	46	47	48	51	52	54	55	56	57	59	60	62
7	8	9	12	13	15	17	19	20	21	22	23	25	26	27	29	30	32	33	34	35	36	37	38	40	41	42	43	44	45	46	48	51	52	53	54	55	56	57	58	60	62
7	8	9	12	13	14	18	19	20	21	22	23	24	26	28	29	30	32	33	34	35	36	37	39	40	41	42	43	44	45	46	49	51	52	53	54	55	56	57	58	60	62
7	8	9	11	12	15	17	19	20	21	22	23	25	26	27	28	29	30	31	33	34	36	37	38	40	41	42	43	44	46	47	48	49	50	51	54	55	56	58	59	60	61
7	8	9	11	12	14	18	19	20	21	22	23	24	25	26	28	29	30	31	33	34	35	37	39	40	41	42	43	44	45	46	47	49	50	51	54	55	56	58	59	60	61
7	8	9	11	12	14	16	19	20	21	22	23	24	25	26	28	29	30	31	32	33	35	37	38	39	41	42	43	44	45	46	47	48	49	51	52	55	56	57	58	60	61
7	8	9	11	12	13	17	19	20	21	22	23	25	26	27	28	29	30	31	32	33	35	36	38	40	41	42	43	44	45	46	48	49	50	51	52	55	56	57	58	60	61
7	8	9	10	12	15	17	19	20	21	22	23	24	25	26	27	29	30	31	33	34	36	37	38	40	41	42	43	44	45	46	47	48	50	51	54	55	56	57	59	60	61
7	8	9	10	12	15	16	19	20	21	22	23	24	25	26	27	29	30	31	32	34	36	37	38	39	41	42	43	44	45	46	47	48	49	51	53	55	56	57	58	60	61
7	8	9	10	12	14	18	19	20	21	22	23	24	26	27	28	29	30	31	33	34	35	37	39	40	41	42	43	44	45	47	48	49	50	51	54	55	56	57	59	60	61
7	8	9	10	12	13	18	19	20	21	22	23	24	26	27	28	29	30	31	32	34	35	36	39	40	41	42	43	44	45	46	48	49	50	51	53	55	56	57	58	60	61
