14	15	16	17	18	19	35	36	37	38	39	40	61	62	63	64	65	66	82	83	84	85	86	87	94
13	14	16	17	18	19	28	31	33	34	35	36	37	38	39	40	53	55	56	58	59	60	61	62	63	64	65	66	78	79	80	81	82	83	84	85	86	87	93	94
13	14	15	16	17	18	24	28	31	33	35	36	37	38	39	40	44	47	49	53	55	58	61	62	63	64	65	66	69	71	74	78	82	83	84	85	86	87	89	94
12	14	15	16	17	19	23	27	30	34	35	36	37	38	39	40	43	46	50	52	56	59	61	62	63	64	65	66	68	72	75	79	82	83	84	85	86	87	90	94
12	14	15	16	17	18	23	27	30	32	35	36	37	38	39	40	43	46	48	52	54	57	61	62	63	64	65	66	68	70	73	77	82	83	84	85	86	87	88	94
11	14	15	16	18	19	22	26	32	33	35	36	37	38	39	40	42	48	49	54	55	60	61	62	63	64	65	66	70	71	76	80	82	83	84	85	86	87	91	94
11	14	15	16	17	19	22	26	29	33	35	36	37	38	39	40	42	45	49	51	55	58	61	62	63	64	65	66	67	71	74	78	82	83	84	85	86	87	89	94
10	14	15	17	18	19	21	29	30	31	35	36	37	38	39	40	45	46	47	57	58	59	61	62	63	64	65	66	73	74	75	81	82	83	84	85	86	87	92	94
10	14	15	16	18	19	21	25	30	31	35	36	37	38	39	40	41	46	47	52	53	59	61	62	63	64	65	66	68	69	75	79	82	83	84	85	86	87	90	94
9	15	16	17	18	19	25	26	27	28	35	36	37	38	39	40	51	52	53	54	55	56	61	62	63	64	65	66	77	78	79	80	82	83	84	85	86	87	93	94
9	14	15	17	18	19	20	26	27	28	35	36	37	38	39	40	42	43	44	54	55	56	61	62	63	64	65	66	70	71	72	80	82	83	84	85	86	87	91	94
8	15	16	17	18	19	21	22	23	24	35	36	37	38	39	40	45	46	47	48	49	50	61	62	63	64	65	66	73	74	75	76	82	83	84	85	86	87	92	94
8	14	16	17	18	19	20	21	22	23	35	36	37	38	39	40	41	42	43	45	46	48	61	62	63	64	65	66	67	68	70	73	82	83	84	85	86	87	88	94
12	13	14	16	17	19	23	27	28	30	31	33	34	35	36	37	38	39	40	43	46	50	52	53	55	56	58	59	60	61	62	63	64	65	66	68	72	75	78	79	80	81	82	83	84	85	86	87	90	93	94
11	13	14	16	18	19	22	26	28	31	32	33	34	35	36	37	38	39	40	42	48	49	53	54	55	56	58	59	60	61	62	63	64	65	66	70	71	76	78	79	80	81	82	83	84	85	86	87	91	93	94
11	13	14	16	17	19	22	26	28	29	31	33	34	35	36	37	38	39	40	42	45	49	51	53	55	56	58	59	60	61	62	63	64	65	66	67	71	74	78	79	80	81	82	83	84	85	86	87	89	93	94
11	13	14	15	16	18	22	24	26	28	31	32	33	35	36	37	38	39	40	42	44	47	48	49	53	54	55	58	60	61	62	63	64	65	66	69	70	71	74	76	78	80	82	83	84	85	86	87	89	91	94
11	12	14	15	16	18	22	23	26	27	30	32	33	35	36	37	38	39	40	42	43	46	48	49	52	54	55	57	60	61	62	63	64	65	66	68	70	71	73	76	77	80	82	83	84	85	86	87	88	91	94
10	13	14	17	18	19	21	28	29	30	31	33	34	35	36	37	38	39	40	45	46	47	53	55	56	57	58	59	60	61	62	63	64	65	66	73	74	75	78	79	80	81	82	83	84	85	86	87	92	93	94
10	13	14	16	18	19	21	25	28	30	31	33	34	35	36	37	38	39	40	41	46	47	52	53	55	56	58	59	60	61	62	63	64	65	66	68	69	75	78	79	80	81	82	83	84	85	86	87	90	93	94
10	13	14	15	17	18	21	24	28	29	30	31	33	35	36	37	38	39	40	44	45	46	47	49	53	55	57	58	59	61	62	63	64	65	66	69	71	73	74	75	78	81	82	83	84	85	86	87	89	92	94
10	13	14	15	16	18	21	24	25	28	30	31	33	35	36	37	38	39	40	41	44	46	47	49	52	53	55	58	59	61	62	63	64	65	66	68	69	71	74	75	78	79	82	83	84	85	86	87	89	90	94
10	12	14	15	17	19	21	23	27	29	30	31	34	35	36	37	38	39	40	43	45	46	47	50	52	56	57	58	59	61	62	63	64	65	66	68	72	73	74	75	79	81	82	83	84	85	86	87	90	92	94
10	12	14	15	17	18	21	23	27	29	30	31	32	35	36	37	38	39	40	43	45	46	47	48	52	54	57	58	59	61	62	63	64	65	66	68	70	73	74	75	77	81	82	83	84	85	86	87	88	92	94
10	12	14	15	16	18	21	23	25	27	30	31	32	35	36	37	38	39	40	41	43	46	47	48	52	53	54	57	59	61	62	63	64	65	66	68	69	70	73	75	77	79	82	83	84	85	86	87	88	90	94
10	11	14	15	17	19	21	22	26	29	30	31	33	35	36	37	38	39	40	42	45	46	47	49	51	55	57	58	59	61	62	63	64	65	66	67	71	73	74	75	78	81	82	83	84	85	86	87	89	92	94
9	13	15	16	17	18	24	25	26	27	28	31	33	35	36	37	38	39	40	44	47	49	51	52	53	54	55	56	58	61	62	63	64	65	66	69	71	74	77	78	79	80	82	83	84	85	86	87	89	93	94
9	13	14	17	18	19	20	26	27	28	31	33	34	35	36	37	38	39	40	42	43	44	53	54	55	56	58	59	60	61	62	63	64	65	66	70	71	72	78	79	80	81	82	83	84	85	86	87	91	93	94
9	13	14	15	17	18	20	24	26	27	28	31	33	35	36	37	38	39	40	42	43	44	47	49	53	54	55	56	58	61	62	63	64	65	66	69	70	71	72	74	78	80	82	83	84	85	86	87	89	91	94
9	12	15	16	17	19	23	25	26	27	28	30	34	35	36	37	38	39	40	43	46	50	51	52	53	54	55	56	59	61	62	63	64	65	66	68	72	75	77	78	79	80	82	83	84	85	86	87	90	93	94
9	12	15	16	17	18	23	25	26	27	28	30	32	35	36	37	38	39	40	43	46	48	51	52	53	54	55	56	57	61	62	63	64	65	66	68	70	73	77	78	79	80	82	83	84	85	86	87	88	93	94
9	12	14	15	17	19	20	23	26	27	28	30	34	35	36	37	38	39	40	42	43	44	46	50	52	54	55	56	59	61	62	63	64	65	66	68	70	71	72	75	79	80	82	83	84	85	86	87	90	91	94
9	12	14	15	17	18	20	23	26	27	28	30	32	35	36	37	38	39	40	42	43	44	46	48	52	54	55	56	57	61	62	63	64	65	66	68	70	71	72	73	77	80	82	83	84	85	86	87	88	91	94
9	11	15	16	18	19	22	25	26	27	28	32	33	35	36	37	38	39	40	42	48	49	51	52	53	54	55	56	60	61	62	63	64	65	66	70	71	76	77	78	79	80	82	83	84	85	86	87	91	93	94
9	11	15	16	17	19	22	25	26	27	28	29	33	35	36	37	38	39	40	42	45	49	51	52	53	54	55	56	58	61	62	63	64	65	66	67	71	74	77	78	79	80	82	83	84	85	86	87	89	93	94
9	11	14	15	17	19	20	22	26	27	28	29	33	35	36	37	38	39	40	42	43	44	45	49	51	54	55	56	58	61	62	63	64	65	66	67	70	71	72	74	78	80	82	83	84	85	86	87	89	91	94
9	10	15	16	18	19	21	25	26	27	28	30	31	35	36	37	38	39	40	41	46	47	51	52	53	54	55	56	59	61	62	63	64	65	66	68	69	75	77	78	79	80	82	83	84	85	86	87	90	93	94
8	13	15	16	17	18	21	22	23	24	28	31	33	35	36	37	38	39	40	44	45	46	47	48	49	50	53	55	58	61	62	63	64	65	66	69	71	73	74	75	76	78	82	83	84	85	86	87	89	92	94
8	12	15	16	17	19	21	22	23	24	27	30	34	35	36	37	38	39	40	43	45	46	47	48	49	50	52	56	59	61	62	63	64	65	66	68	72	73	74	75	76	79	82	83	84	85	86	87	90	92	94
8	12	15	16	17	18	21	22	23	24	27	30	32	35	36	37	38	39	40	43	45	46	47	48	49	50	52	54	57	61	62	63	64	65	66	68	70	73	74	75	76	77	82	83	84	85	86	87	88	92	94
8	12	14	16	17	19	20	21	22	23	27	30	34	35	36	37	38	39	40	41	42	43	45	46	48	50	52	56	59	61	62	63	64	65	66	67	68	70	72	73	75	79	82	83	84	85	86	87	88	90	94
8	11	15	16	18	19	21	22	23	24	26	32	33	35	36	37	38	39	40	42	45	46	47	48	49	50	54	55	60	61	62	63	64	65	66	70	71	73	74	75	76	80	82	83	84	85	86	87	91	92	94
8	11	15	16	17	19	21	22	23	24	26	29	33	35	36	37	38	39	40	42	45	46	47	48	49	50	51	55	58	61	62	63	64	65	66	67	71	73	74	75	76	78	82	83	84	85	86	87	89	92	94
8	11	14	16	18	19	20	21	22	23	26	32	33	35	36	37	38	39	40	41	42	43	45	46	48	49	54	55	60	61	62	63	64	65	66	67	68	70	71	73	76	80	82	83	84	85	86	87	88	91	94
8	11	14	16	17	19	20	21	22	23	26	29	33	35	36	37	38	39	40	41	42	43	45	46	48	49	51	55	58	61	62	63	64	65	66	67	68	70	71	73	74	78	82	83	84	85	86	87	88	89	94
8	10	15	16	18	19	21	22	23	24	25	30	31	35	36	37	38	39	40	41	45	46	47	48	49	50	52	53	59	61	62	63	64	65	66	68	69	73	74	75	76	79	82	83	84	85	86	87	90	92	94
8	10	14	17	18	19	20	21	22	23	29	30	31	35	36	37	38	39	40	41	42	43	45	46	47	48	57	58	59	61	62	63	64	65	66	67	68	70	73	74	75	81	82	83	84	85	86	87	88	92	94
8	10	14	16	18	19	20	21	22	23	25	30	31	35	36	37	38	39	40	41	42	43	45	46	47	48	52	53	59	61	62	63	64	65	66	67	68	69	70	73	75	79	82	83	84	85	86	87	88	90	94
8	9	14	17	18	19	20	21	22	23	26	27	28	35	36	37	38	39	40	41	42	43	44	45	46	48	54	55	56	61	62	63	64	65	66	67	68	70	71	72	73	80	82	83	84	85	86	87	88	91	94
12	13	14	16	17	18	23	27	28	30	31	32	33	34	35	36	38	39	40	43	46	48	52	53	54	55	56	57	58	59	60	61	62	63	64	65	66	68	70	73	77	78	79	80	81	82	83	84	85	86	87	88	93	94
12	13	14	15	16	17	23	24	27	28	30	31	33	34	35	36	37	38	39	43	44	46	47	49	50	52	53	55	56	58	59	61	62	63	64	65	66	68	69	71	72	74	75	78	79	82	83	84	85	86	87	89	90	94
11	12	14	15	16	19	22	23	26	27	30	32	33	34	35	36	37	38	40	42	43	46	48	49	50	52	54	55	56	59	60	61	62	63	64	65	66	68	70	71	72	75	76	79	80	82	83	84	85	86	87	90	91	94
11	12	14	15	16	17	22	23	26	27	29	30	32	33	35	36	37	38	39	42	43	45	46	48	49	51	52	54	55	57	58	61	62	63	64	65	66	67	68	70	71	73	74	77	78	82	83	84	85	86	87	88	89	94
10	11	14	15	18	19	21	22	26	29	30	31	32	33	35	36	37	39	40	42	45	46	47	48	49	54	55	57	58	59	60	61	62	63	64	65	66	70	71	73	74	75	76	80	81	82	83	84	85	86	87	91	92	94
10	11	14	15	16	19	21	22	25	26	29	30	31	33	35	36	37	38	40	41	42	45	46	47	49	51	52	53	55	58	59	61	62	63	64	65	66	67	68	69	71	74	75	78	79	82	83	84	85	86	87	89	90	94
9	10	15	17	18	19	21	25	26	27	28	29	30	31	36	37	38	39	40	45	46	47	51	52	53	54	55	56	57	58	59	61	62	63	64	65	66	73	74	75	77	78	79	80	81	82	83	84	85	86	87	92	93	94
9	10	14	15	18	19	20	21	25	26	27	28	30	31	35	36	37	39	40	41	42	43	44	46	47	52	53	54	55	56	59	61	62	63	64	65	66	68	69	70	71	72	75	79	80	82	83	84	85	86	87	90	91	94
8	13	16	17	18	19	21	22	23	24	28	31	33	34	35	37	38	39	40	45	46	47	48	49	50	53	55	56	58	59	60	61	62	63	64	65	66	73	74	75	76	78	79	80	81	82	83	84	85	86	87	92	93	94
8	13	14	16	17	18	20	21	22	23	24	28	31	33	35	36	38	39	40	41	42	43	44	45	46	47	48	49	53	55	58	61	62	63	64	65	66	67	68	69	70	71	73	74	78	82	83	84	85	86	87	88	89	94
8	9	16	17	18	19	20	21	22	23	25	26	27	28	35	37	38	39	40	41	42	43	45	46	48	51	52	53	54	55	56	61	62	63	64	65	66	67	68	70	73	77	78	79	80	82	83	84	85	86	87	88	93	94
8	9	15	17	18	19	20	21	22	23	24	26	27	28	36	37	38	39	40	42	43	44	45	46	47	48	49	50	54	55	56	61	62	63	64	65	66	70	71	72	73	74	75	76	80	82	83	84	85	86	87	91	92	94
11	13	14	15	16	17	22	24	26	28	29	31	33	35	36	37	38	39	42	44	45	47	49	51	53	55	58	61	62	63	64	65	66	67	69	71	74	78	82	83	84	85	86	87	89	94
10	12	14	15	16	19	21	23	25	27	30	31	34	35	36	37	38	40	41	43	46	47	50	52	53	56	59	61	62	63	64	65	66	68	69	72	75	79	82	83	84	85	86	87	90	94
9	13	16	17	18	19	25	26	27	28	31	33	34	35	37	38	39	40	51	52	53	54	55	56	58	59	60	61	62	63	64	65	66	77	78	79	80	81	82	83	84	85	86	87	93	94
9	11	14	15	18	19	20	22	26	27	28	32	33	35	36	37	39	40	42	43	44	48	49	54	55	56	60	61	62	63	64	65	66	70	71	72	76	80	82	83	84	85	86	87	91	94
8	12	14	16	17	18	20	21	22	23	27	30	32	35	36	38	39	40	41	42	43	45	46	48	52	54	57	61	62	63	64	65	66	67	68	70	73	77	82	83	84	85	86	87	88	94
8	10	15	17	18	19	21	22	23	24	29	30	31	36	37	38	39	40	45	46	47	48	49	50	57	58	59	61	62	63	64	65	66	73	74	75	76	81	82	83	84	85	86	87	92	94
11	12	13	14	16	19	22	23	26	27	28	30	31	32	33	34	35	36	37	38	40	42	43	46	48	49	50	52	53	54	55	56	58	59	60	61	62	63	64	65	66	68	70	71	72	75	76	78	79	80	81	82	83	84	85	86	87	90	91	93	94
11	12	13	14	16	18	22	23	26	27	28	30	31	32	33	34	35	36	38	39	40	42	43	46	48	49	52	53	54	55	56	57	58	59	60	61	62	63	64	65	66	68	70	71	73	76	77	78	79	80	81	82	83	84	85	86	87	88	91	93	94
10	12	13	14	17	18	21	23	27	28	29	30	31	32	33	34	35	36	38	39	40	43	45	46	47	48	52	53	54	55	56	57	58	59	60	61	62	63	64	65	66	68	70	73	74	75	77	78	79	80	81	82	83	84	85	86	87	88	92	93	94
10	12	13	14	16	18	21	23	25	27	28	30	31	32	33	34	35	36	38	39	40	41	43	46	47	48	52	53	54	55	56	57	58	59	60	61	62	63	64	65	66	68	69	70	73	75	77	78	79	80	81	82	83	84	85	86	87	88	90	93	94
10	12	13	14	15	17	21	23	24	27	28	29	30	31	33	34	35	36	37	38	39	43	44	45	46	47	49	50	52	53	55	56	57	58	59	61	62	63	64	65	66	68	69	71	72	73	74	75	78	79	81	82	83	84	85	86	87	89	90	92	94
10	11	13	14	18	19	21	22	26	28	29	30	31	32	33	34	35	36	37	39	40	42	45	46	47	48	49	53	54	55	56	57	58	59	60	61	62	63	64	65	66	70	71	73	74	75	76	78	79	80	81	82	83	84	85	86	87	91	92	93	94
10	11	13	14	16	19	21	22	25	26	28	29	30	31	33	34	35	36	37	38	40	41	42	45	46	47	49	51	52	53	55	56	58	59	60	61	62	63	64	65	66	67	68	69	71	74	75	78	79	80	81	82	83	84	85	86	87	89	90	93	94
10	11	13	14	15	18	21	22	24	26	28	29	30	31	32	33	35	36	37	39	40	42	44	45	46	47	48	49	53	54	55	57	58	59	60	61	62	63	64	65	66	69	70	71	73	74	75	76	78	80	81	82	83	84	85	86	87	89	91	92	94
10	11	12	14	15	18	21	22	23	26	27	29	30	31	32	33	35	36	37	39	40	42	43	45	46	47	48	49	52	54	55	57	58	59	60	61	62	63	64	65	66	68	70	71	73	74	75	76	77	80	81	82	83	84	85	86	87	88	91	92	94
10	11	12	14	15	17	21	22	23	26	27	29	30	31	32	33	35	36	37	38	39	42	43	45	46	47	48	49	51	52	54	55	57	58	59	61	62	63	64	65	66	67	68	70	71	73	74	75	77	78	81	82	83	84	85	86	87	88	89	92	94
9	12	13	15	16	17	23	24	25	26	27	28	30	31	33	34	35	36	37	38	39	43	44	46	47	49	50	51	52	53	54	55	56	58	59	61	62	63	64	65	66	68	69	71	72	74	75	77	78	79	80	82	83	84	85	86	87	89	90	93	94
9	12	13	14	17	18	20	23	26	27	28	30	31	32	33	34	35	36	38	39	40	42	43	44	46	48	52	53	54	55	56	57	58	59	60	61	62	63	64	65	66	68	70	71	72	73	77	78	79	80	81	82	83	84	85	86	87	88	91	93	94
9	12	13	14	15	17	20	23	24	26	27	28	30	31	33	34	35	36	37	38	39	42	43	44	46	47	49	50	52	53	54	55	56	58	59	61	62	63	64	65	66	68	69	70	71	72	74	75	78	79	80	82	83	84	85	86	87	89	90	91	94
9	11	12	15	16	19	22	23	25	26	27	28	30	32	33	34	35	36	37	38	40	42	43	46	48	49	50	51	52	53	54	55	56	59	60	61	62	63	64	65	66	68	70	71	72	75	76	77	78	79	80	82	83	84	85	86	87	90	91	93	94
9	11	12	15	16	17	22	23	25	26	27	28	29	30	32	33	35	36	37	38	39	42	43	45	46	48	49	51	52	53	54	55	56	57	58	61	62	63	64	65	66	67	68	70	71	73	74	77	78	79	80	82	83	84	85	86	87	88	89	93	94
9	11	12	14	15	17	20	22	23	26	27	28	29	30	32	33	35	36	37	38	39	42	43	44	45	46	48	49	51	52	54	55	56	57	58	61	62	63	64	65	66	67	68	70	71	72	73	74	77	78	80	82	83	84	85	86	87	88	89	91	94
9	11	12	13	16	18	22	23	25	26	27	28	30	31	32	33	34	35	38	39	40	42	43	46	48	49	51	52	53	54	55	56	57	58	59	60	61	62	64	65	66	68	70	71	73	76	77	78	79	80	81	82	83	84	85	86	87	88	91	93	94
9	11	12	13	16	17	22	23	25	26	27	28	29	30	31	32	33	34	35	38	39	42	43	45	46	48	49	51	52	53	54	55	56	57	58	59	60	61	62	65	66	67	68	70	71	73	74	77	78	79	80	81	82	83	84	86	87	88	89	93	94
9	11	12	13	14	19	20	22	23	26	27	28	30	31	32	33	34	35	36	37	40	42	43	44	46	48	49	50	52	53	54	55	56	58	59	60	61	62	63	64	66	68	70	71	72	75	76	78	79	80	81	82	83	84	85	86	87	90	91	93	94
9	11	12	13	14	15	20	22	23	24	26	27	28	30	31	32	33	34	35	36	37	42	43	44	46	47	48	49	50	52	53	54	55	56	58	59	60	61	62	63	64	68	69	70	71	72	74	75	76	78	79	80	82	83	84	85	86	89	90	91	94
9	10	13	15	17	18	21	24	25	26	27	28	29	30	31	33	36	37	38	39	40	44	45	46	47	49	51	52	53	54	55	56	57	58	59	61	62	63	64	65	66	69	71	73	74	75	77	78	79	80	81	82	83	84	85	86	87	89	92	93	94
9	10	13	14	18	19	20	21	25	26	27	28	30	31	33	34	35	36	37	39	40	41	42	43	44	46	47	52	53	54	55	56	58	59	60	61	62	63	64	65	66	68	69	70	71	72	75	78	79	80	81	82	83	84	85	86	87	90	91	93	94
9	10	13	14	15	18	20	21	24	25	26	27	28	30	31	33	35	36	37	39	40	41	42	43	44	46	47	49	52	53	54	55	56	58	59	61	62	63	64	65	66	68	69	70	71	72	74	75	78	79	80	82	83	84	85	86	87	89	90	91	94
9	10	12	15	17	19	21	23	25	26	27	28	29	30	31	34	36	37	38	39	40	43	45	46	47	50	51	52	53	54	55	56	57	58	59	61	62	63	64	65	66	68	72	73	74	75	77	78	79	80	81	82	83	84	85	86	87	90	92	93	94
9	10	12	15	17	18	21	23	25	26	27	28	29	30	31	32	36	37	38	39	40	43	45	46	47	48	51	52	53	54	55	56	57	58	59	61	62	63	64	65	66	68	70	73	74	75	77	78	79	80	81	82	83	84	85	86	87	88	92	93	94
9	10	12	14	15	18	20	21	23	25	26	27	28	30	31	32	35	36	37	39	40	41	42	43	44	46	47	48	52	53	54	55	56	57	59	61	62	63	64	65	66	68	69	70	71	72	73	75	77	79	80	82	83	84	85	86	87	88	90	91	94
9	10	12	13	17	19	21	23	25	26	27	28	29	30	31	33	34	37	38	39	40	43	45	46	47	50	51	52	53	54	55	56	57	58	59	60	61	63	64	65	66	68	72	73	74	75	77	78	79	80	81	82	83	84	85	86	87	90	92	93	94
9	10	12	13	16	18	21	23	25	26	27	28	30	31	32	33	34	35	38	39	40	41	43	46	47	48	51	52	53	54	55	56	57	58	59	60	61	62	64	65	66	68	69	70	73	75	77	78	79	80	81	82	83	84	85	86	87	88	90	93	94
9	10	12	13	15	16	21	23	24	25	26	27	28	30	31	33	34	35	36	37	38	41	43	44	46	47	49	50	51	52	53	54	55	56	58	59	61	62	63	64	65	68	69	71	72	74	75	77	78	79	80	82	83	84	85	86	87	89	90	93	94
9	10	12	13	14	19	20	21	23	25	26	27	28	30	31	33	34	35	36	37	40	41	42	43	44	46	47	50	52	53	54	55	56	58	59	60	61	62	63	64	66	68	69	70	71	72	75	78	79	80	81	82	83	84	85	86	87	90	91	93	94
9	10	11	15	17	19	21	22	25	26	27	28	29	30	31	33	36	37	38	39	40	42	45	46	47	49	51	52	53	54	55	56	57	58	59	61	62	63	64	65	66	67	71	73	74	75	77	78	79	80	81	82	83	84	85	86	87	89	92	93	94
9	10	11	15	16	19	21	22	25	26	27	28	29	30	31	33	35	36	37	38	40	41	42	45	46	47	49	51	52	53	54	55	56	58	59	61	62	63	64	65	66	67	68	69	71	74	75	77	78	79	80	82	83	84	85	86	87	89	90	93	94
9	10	11	13	18	19	21	22	25	26	27	28	29	30	31	32	33	34	37	39	40	42	45	46	47	48	49	51	52	53	54	55	56	57	58	59	60	63	64	65	66	70	71	73	74	75	76	77	78	79	80	81	82	84	85	86	87	91	92	93	94
9	10	11	13	17	19	21	22	25	26	27	28	29	30	31	33	34	37	38	39	40	42	45	46	47	49	51	52	53	54	55	56	57	58	59	60	61	63	64	65	66	67	71	73	74	75	77	78	79	80	81	82	83	84	85	86	87	89	92	93	94
9	10	11	13	15	16	21	22	24	25	26	27	28	29	30	31	33	35	36	37	38	41	42	44	45	46	47	49	51	52	53	54	55	56	58	59	61	62	63	64	65	67	68	69	71	74	75	77	78	79	80	82	83	84	85	86	87	89	90	93	94
9	10	11	13	14	15	20	21	22	24	25	26	27	28	29	30	31	33	35	36	37	41	42	43	44	45	46	47	49	51	52	53	54	55	56	58	59	61	62	63	64	67	68	69	70	71	72	74	75	78	79	80	82	83	84	85	86	89	90	91	94
9	10	11	12	13	18	21	22	23	25	26	27	28	29	30	31	32	33	34	39	40	42	43	45	46	47	48	49	51	52	53	54	55	56	57	58	59	60	64	65	66	68	70	71	73	74	75	76	77	78	79	80	81	82	85	86	87	88	91	92	93
9	10	11	12	13	17	21	22	23	25	26	27	28	29	30	31	32	33	34	38	39	42	43	45	46	47	48	49	51	52	53	54	55	56	57	58	59	60	61	65	66	67	68	70	71	73	74	75	77	78	79	80	81	82	83	86	87	88	89	92	93
8	12	13	16	17	19	21	22	23	24	27	28	30	31	33	34	35	37	38	39	40	43	45	46	47	48	49	50	52	53	55	56	58	59	60	61	62	63	64	65	66	68	72	73	74	75	76	78	79	80	81	82	83	84	85	86	87	90	92	93	94
8	12	13	15	16	17	21	22	23	24	27	28	30	31	33	34	35	36	37	38	39	43	44	45	46	47	48	49	50	52	53	55	56	58	59	61	62	63	64	65	66	68	69	71	72	73	74	75	76	78	79	82	83	84	85	86	87	89	90	92	94
8	11	13	16	18	19	21	22	23	24	26	28	31	32	33	34	35	37	38	39	40	42	45	46	47	48	49	50	53	54	55	56	58	59	60	61	62	63	64	65	66	70	71	73	74	75	76	78	79	80	81	82	83	84	85	86	87	91	92	93	94
8	11	13	16	17	19	21	22	23	24	26	28	29	31	33	34	35	37	38	39	40	42	45	46	47	48	49	50	51	53	55	56	58	59	60	61	62	63	64	65	66	67	71	73	74	75	76	78	79	80	81	82	83	84	85	86	87	89	92	93	94
8	11	13	14	16	18	20	21	22	23	24	26	28	31	32	33	35	36	38	39	40	41	42	43	44	45	46	47	48	49	53	54	55	58	60	61	62	63	64	65	66	67	68	69	70	71	73	74	76	78	80	82	83	84	85	86	87	88	89	91	94
8	11	12	15	16	19	21	22	23	24	26	27	30	32	33	34	35	36	37	38	40	42	43	45	46	47	48	49	50	52	54	55	56	59	60	61	62	63	64	65	66	68	70	71	72	73	74	75	76	79	80	82	83	84	85	86	87	90	91	92	94
8	11	12	15	16	17	21	22	23	24	26	27	29	30	32	33	35	36	37	38	39	42	43	45	46	47	48	49	50	51	52	54	55	57	58	61	62	63	64	65	66	67	68	70	71	73	74	75	76	77	78	82	83	84	85	86	87	88	89	92	94
8	11	12	14	16	19	20	21	22	23	26	27	30	32	33	34	35	36	37	38	40	41	42	43	45	46	48	49	50	52	54	55	56	59	60	61	62	63	64	65	66	67	68	70	71	72	73	75	76	79	80	82	83	84	85	86	87	88	90	91	94
8	10	13	16	18	19	21	22	23	24	25	28	30	31	33	34	35	37	38	39	40	41	45	46	47	48	49	50	52	53	55	56	58	59	60	61	62	63	64	65	66	68	69	73	74	75	76	78	79	80	81	82	83	84	85	86	87	90	92	93	94
8	10	13	14	17	18	20	21	22	23	24	28	29	30	31	33	35	36	38	39	40	41	42	43	44	45	46	47	48	49	53	55	57	58	59	61	62	63	64	65	66	67	68	69	70	71	73	74	75	78	81	82	83	84	85	86	87	88	89	92	94
8	10	13	14	16	18	20	21	22	23	24	25	28	30	31	33	35	36	38	39	40	41	42	43	44	45	46	47	48	49	52	53	55	58	59	61	62	63	64	65	66	67	68	69	70	71	73	74	75	78	79	82	83	84	85	86	87	88	89	90	94
8	10	12	13	17	19	21	22	23	24	27	28	29	30	31	33	34	37	38	39	40	43	45	46	47	48	49	50	52	53	55	56	57	58	59	60	61	63	64	65	66	68	72	73	74	75	76	78	79	80	81	82	83	84	85	86	87	90	92	93	94
8	10	12	13	17	18	21	22	23	24	27	28	29	30	31	32	33	34	38	39	40	43	45	46	47	48	49	50	52	53	54	55	56	57	58	59	60	61	64	65	66	68	70	73	74	75	76	77	78	79	80	81	82	83	85	86	87	88	92	93	94
8	10	12	13	15	16	21	22	23	24	25	27	28	30	31	33	34	35	36	37	38	41	43	44	45	46	47	48	49	50	52	53	55	56	58	59	61	62	63	64	65	68	69	71	72	73	74	75	76	78	79	82	83	84	85	86	87	89	90	92	94
8	10	12	13	14	16	20	21	22	23	24	25	27	28	30	31	33	34	35	36	38	41	42	43	44	45	46	47	48	49	50	52	53	55	56	58	59	61	62	63	65	67	68	69	70	71	72	73	74	75	78	79	82	83	84	85	87	88	89	90	94
8	10	11	15	16	19	21	22	23	24	25	26	29	30	31	33	35	36	37	38	40	41	42	45	46	47	48	49	50	51	52	53	55	58	59	61	62	63	64	65	66	67	68	69	71	73	74	75	76	78	79	82	83	84	85	86	87	89	90	92	94
8	10	11	14	18	19	20	21	22	23	26	29	30	31	32	33	35	36	37	39	40	41	42	43	45	46	47	48	49	54	55	57	58	59	60	61	62	63	64	65	66	67	68	70	71	73	74	75	76	80	81	82	83	84	85	86	87	88	91	92	94
8	10	11	14	16	19	20	21	22	23	25	26	29	30	31	33	35	36	37	38	40	41	42	43	45	46	47	48	49	51	52	53	55	58	59	61	62	63	64	65	66	67	68	69	70	71	73	74	75	78	79	82	83	84	85	86	87	88	89	90	94
8	10	11	13	17	19	21	22	23	24	26	28	29	30	31	33	34	37	38	39	40	42	45	46	47	48	49	50	51	53	55	56	57	58	59	60	61	63	64	65	66	67	71	73	74	75	76	78	79	80	81	82	83	84	85	86	87	89	92	93	94
8	10	11	13	15	18	21	22	23	24	26	28	29	30	31	32	33	36	37	39	40	42	44	45	46	47	48	49	50	53	54	55	57	58	59	60	62	63	64	65	66	69	70	71	73	74	75	76	78	80	81	82	83	84	85	86	87	89	91	92	94
8	10	11	13	15	16	21	22	23	24	25	26	28	29	30	31	33	35	36	37	38	41	42	44	45	46	47	48	49	50	51	52	53	55	58	59	61	62	63	64	65	67	68	69	71	73	74	75	76	78	79	82	83	84	85	86	87	89	90	92	94
8	10	11	13	14	17	20	21	22	23	24	26	28	29	30	31	33	35	36	38	39	41	42	43	44	45	46	47	48	49	51	53	55	57	58	59	61	62	63	65	66	67	68	69	70	71	73	74	75	78	81	82	83	84	85	86	87	88	89	92	94
8	10	11	12	15	19	21	22	23	24	26	27	29	30	31	32	33	34	36	37	40	42	43	45	46	47	48	49	50	52	54	55	56	57	58	59	60	62	63	64	66	68	70	71	72	73	74	75	76	79	80	81	83	84	85	86	87	90	91	92	94
8	10	11	12	15	18	21	22	23	24	26	27	29	30	31	32	33	36	37	39	40	42	43	45	46	47	48	49	50	52	54	55	57	58	59	60	62	63	64	65	66	68	70	71	73	74	75	76	77	80	81	82	83	84	85	86	87	88	91	92	94
8	10	11	12	14	17	20	21	22	23	26	27	29	30	31	32	33	35	36	38	39	41	42	43	45	46	47	48	49	51	52	54	55	57	58	59	61	62	63	65	66	67	68	70	71	73	74	75	77	78	81	82	83	84	85	86	87	88	89	92	94
8	10	11	12	14	16	20	21	22	23	25	26	27	29	30	31	32	33	35	36	38	41	42	43	45	46	47	48	49	51	52	53	54	55	57	58	59	61	62	63	65	67	68	69	70	71	73	74	75	77	78	79	82	83	84	85	87	88	89	90	94
8	10	11	12	13	19	21	22	23	24	26	27	28	29	30	31	32	33	34	37	40	42	43	45	46	47	48	49	50	52	53	54	55	56	57	58	59	60	63	64	66	68	70	71	72	73	74	75	76	78	79	80	81	84	85	86	87	90	91	92	93
8	10	11	12	13	18	21	22	23	24	26	27	28	29	30	31	32	33	34	39	40	42	43	45	46	47	48	49	50	52	53	54	55	56	57	58	59	60	64	65	66	68	70	71	73	74	75	76	77	78	79	80	81	82	85	86	87	88	91	92	93
8	9	13	15	17	18	20	21	22	23	24	26	27	28	31	33	36	37	38	39	40	42	43	44	45	46	47	48	49	50	53	54	55	56	58	61	62	63	64	65	66	69	70	71	72	73	74	75	76	78	80	82	83	84	85	86	87	89	91	92	94
8	9	13	14	17	18	20	21	22	23	24	26	27	28	31	33	35	36	38	39	40	41	42	43	44	45	46	47	48	49	53	54	55	56	58	61	62	63	64	65	66	67	68	69	70	71	72	73	74	78	80	82	83	84	85	86	87	88	89	91	94
8	9	12	16	17	19	20	21	22	23	25	26	27	28	30	34	35	37	38	39	40	41	42	43	45	46	48	50	51	52	53	54	55	56	59	61	62	63	64	65	66	67	68	70	72	73	75	77	78	79	80	82	83	84	85	86	87	88	90	93	94
8	9	12	15	17	19	20	21	22	23	24	26	27	28	30	34	36	37	38	39	40	42	43	44	45	46	47	48	49	50	52	54	55	56	59	61	62	63	64	65	66	68	70	71	72	73	74	75	76	79	80	82	83	84	85	86	87	90	91	92	94
8	9	12	15	17	18	20	21	22	23	24	26	27	28	30	32	36	37	38	39	40	42	43	44	45	46	47	48	49	50	52	54	55	56	57	61	62	63	64	65	66	68	70	71	72	73	74	75	76	77	80	82	83	84	85	86	87	88	91	92	94
8	9	11	16	18	19	20	21	22	23	25	26	27	28	32	33	35	37	38	39	40	41	42	43	45	46	48	49	51	52	53	54	55	56	60	61	62	63	64	65	66	67	68	70	71	73	76	77	78	79	80	82	83	84	85	86	87	88	91	93	94
8	9	11	16	17	19	20	21	22	23	25	26	27	28	29	33	35	37	38	39	40	41	42	43	45	46	48	49	51	52	53	54	55	56	58	61	62	63	64	65	66	67	68	70	71	73	74	77	78	79	80	82	83	84	85	86	87	88	89	93	94
8	9	11	15	17	19	20	21	22	23	24	26	27	28	29	33	36	37	38	39	40	42	43	44	45	46	47	48	49	50	51	54	55	56	58	61	62	63	64	65	66	67	70	71	72	73	74	75	76	78	80	82	83	84	85	86	87	89	91	92	94
8	9	11	13	18	19	20	21	22	23	24	26	27	28	31	32	33	34	37	39	40	42	43	44	45	46	47	48	49	50	53	54	55	56	58	59	60	63	64	65	66	70	71	72	73	74	75	76	78	79	80	81	82	84	85	86	87	91	92	93	94
8	9	11	13	16	17	20	21	22	23	24	25	26	27	28	29	31	33	35	38	39	41	42	43	44	45	46	47	48	49	51	52	53	54	55	56	58	61	62	65	66	67	68	69	70	71	73	74	77	78	79	80	82	83	84	86	87	88	89	93	94
8	9	11	13	15	18	20	21	22	23	24	26	27	28	31	32	33	36	37	39	40	42	43	44	45	46	47	48	49	50	53	54	55	56	58	60	62	63	64	65	66	69	70	71	72	73	74	75	76	78	80	82	83	84	85	86	87	89	91	92	94
8	9	11	13	14	17	20	21	22	23	24	26	27	28	29	31	33	35	36	38	39	41	42	43	44	45	46	47	48	49	51	53	54	55	56	58	61	62	63	65	66	67	68	69	70	71	72	73	74	78	80	82	83	84	85	86	87	88	89	91	94
8	9	11	12	16	18	20	21	22	23	25	26	27	28	30	32	33	35	38	39	40	41	42	43	45	46	48	49	51	52	53	54	55	56	57	60	61	62	64	65	66	67	68	70	71	73	76	77	78	79	80	82	83	84	85	86	87	88	91	93	94
8	9	11	12	15	18	20	21	22	23	24	26	27	28	30	32	33	36	37	39	40	42	43	44	45	46	47	48	49	50	52	54	55	56	57	60	62	63	64	65	66	68	70	71	72	73	74	75	76	77	80	82	83	84	85	86	87	88	91	92	94
8	9	11	12	14	19	20	21	22	23	26	27	28	30	32	33	34	35	36	37	40	41	42	43	44	45	46	48	49	50	52	54	55	56	59	60	61	62	63	64	66	67	68	70	71	72	73	75	76	79	80	82	83	84	85	86	87	88	90	91	94
8	9	11	12	14	17	20	21	22	23	26	27	28	29	30	32	33	35	36	38	39	41	42	43	44	45	46	48	49	51	52	54	55	56	57	58	61	62	63	65	66	67	68	70	71	72	73	74	77	78	80	82	83	84	85	86	87	88	89	91	94
8	9	11	12	13	19	20	21	22	23	24	26	27	28	30	31	32	33	34	37	40	42	43	44	45	46	47	48	49	50	52	53	54	55	56	58	59	60	63	64	66	68	70	71	72	73	74	75	76	78	79	80	81	84	85	86	87	90	91	92	93
8	9	11	12	13	15	20	21	22	23	24	26	27	28	30	31	32	33	34	36	37	42	43	44	45	46	47	48	49	50	52	53	54	55	56	58	59	60	62	63	64	68	69	70	71	72	73	74	75	76	78	79	80	83	84	85	86	89	90	91	92
8	9	10	16	18	19	20	21	22	23	25	26	27	28	30	31	35	37	38	39	40	41	42	43	45	46	47	48	51	52	53	54	55	56	59	61	62	63	64	65	66	67	68	69	70	73	75	77	78	79	80	82	83	84	85	86	87	88	90	93	94
8	9	10	14	18	19	20	21	22	23	25	26	27	28	30	31	35	36	37	39	40	41	42	43	44	45	46	47	48	52	53	54	55	56	59	61	62	63	64	65	66	67	68	69	70	71	72	73	75	79	80	82	83	84	85	86	87	88	90	91	94
8	9	10	12	17	18	20	21	22	23	25	26	27	28	29	30	31	32	38	39	40	41	42	43	45	46	47	48	51	52	53	54	55	56	57	58	59	61	64	65	66	67	68	70	73	74	75	77	78	79	80	81	82	83	85	86	87	88	92	93	94
8	9	10	12	16	18	20	21	22	23	25	26	27	28	30	31	32	35	38	39	40	41	42	43	45	46	47	48	51	52	53	54	55	56	57	59	61	62	64	65	66	67	68	69	70	73	75	77	78	79	80	82	83	84	85	86	87	88	90	93	94
8	9	10	12	15	19	20	21	22	23	24	25	26	27	28	30	31	34	36	37	40	41	42	43	44	45	46	47	48	49	50	52	53	54	55	56	59	62	63	64	66	68	69	70	71	72	73	74	75	76	79	80	83	84	85	86	87	90	91	92	94
8	9	10	12	14	19	20	21	22	23	25	26	27	28	30	31	34	35	36	37	40	41	42	43	44	45	46	47	48	50	52	53	54	55	56	59	61	62	63	64	66	67	68	69	70	71	72	73	75	79	80	82	83	84	85	86	87	88	90	91	94
8	9	10	12	13	15	20	21	22	23	24	25	26	27	28	30	31	33	34	36	37	41	42	43	44	45	46	47	48	49	50	52	53	54	55	56	58	59	62	63	64	68	69	70	71	72	73	74	75	76	78	79	80	83	84	85	86	89	90	91	92
8	9	10	12	13	14	20	21	22	23	24	25	26	27	28	30	31	33	34	35	36	41	42	43	44	45	46	47	48	49	50	52	53	54	55	56	58	59	61	62	63	67	68	69	70	71	72	73	74	75	78	79	80	82	83	84	85	88	89	90	91
8	9	10	11	13	16	20	21	22	23	24	25	26	27	28	29	30	31	33	35	38	41	42	43	44	45	46	47	48	49	51	52	53	54	55	56	58	59	61	62	65	67	68	69	70	71	73	74	75	77	78	79	80	82	83	84	87	88	89	90	93
8	9	10	11	13	14	20	21	22	23	24	25	26	27	28	29	30	31	33	35	36	41	42	43	44	45	46	47	48	49	51	52	53	54	55	56	58	59	61	62	63	67	68	69	70	71	72	73	74	75	78	79	80	82	83	84	85	88	89	90	91
8	9	10	11	12	17	20	21	22	23	25	26	27	28	29	30	31	32	33	38	39	41	42	43	45	46	47	48	49	51	52	53	54	55	56	57	58	59	61	65	66	67	68	70	71	73	74	75	77	78	79	80	81	82	83	86	87	88	89	92	93
8	9	10	11	12	16	20	21	22	23	25	26	27	28	29	30	31	32	33	35	38	41	42	43	45	46	47	48	49	51	52	53	54	55	56	57	58	59	61	62	65	67	68	69	70	71	73	74	75	77	78	79	80	82	83	84	87	88	89	90	93
11	12	13	14	16	17	22	23	26	27	28	29	30	31	32	33	34	35	36	38	39	42	43	45	46	48	49	51	52	53	54	55	56	57	58	59	60	61	62	63	65	66	67	68	70	71	73	74	77	78	79	80	81	82	83	84	85	86	87	88	89	93	94
11	12	13	14	15	16	22	23	24	26	27	28	30	31	32	33	34	35	36	37	38	42	43	44	46	47	48	49	50	52	53	54	55	56	58	59	60	61	62	63	64	65	68	69	70	71	72	74	75	76	78	79	80	82	83	84	85	86	87	89	90	91	94
10	11	12	14	15	19	21	22	23	26	27	29	30	31	32	33	34	35	36	37	40	42	43	45	46	47	48	49	50	52	54	55	56	57	58	59	60	61	62	63	64	66	68	70	71	72	73	74	75	76	79	80	81	82	83	84	85	86	87	90	91	92	94
10	11	12	14	15	16	21	22	23	25	26	27	29	30	31	32	33	35	36	37	38	41	42	43	45	46	47	48	49	51	52	53	54	55	57	58	59	61	62	63	64	65	67	68	69	70	71	73	74	75	77	78	79	82	83	84	85	86	87	88	89	90	94
9	11	12	13	16	19	22	23	25	26	27	28	30	31	32	33	34	35	37	38	40	42	43	46	48	49	50	51	52	53	54	55	56	58	59	60	61	62	63	64	65	66	68	70	71	72	75	76	77	78	79	80	81	82	83	84	85	86	87	90	91	93	94
9	11	12	13	14	18	20	22	23	26	27	28	30	31	32	33	34	35	36	39	40	42	43	44	46	48	49	52	53	54	55	56	57	58	59	60	61	62	63	64	65	66	68	70	71	72	73	76	77	78	79	80	81	82	83	84	85	86	87	88	91	93	94
9	10	11	15	18	19	21	22	25	26	27	28	29	30	31	32	33	36	37	39	40	42	45	46	47	48	49	51	52	53	54	55	56	57	58	59	60	62	63	64	65	66	70	71	73	74	75	76	77	78	79	80	81	82	83	84	85	86	87	91	92	93	94
9	10	11	14	15	19	20	21	22	25	26	27	28	29	30	31	33	35	36	37	40	41	42	43	44	45	46	47	49	51	52	53	54	55	56	58	59	61	62	63	64	66	67	68	69	70	71	72	74	75	78	79	80	82	83	84	85	86	87	89	90	91	94
9	10	11	13	16	19	21	22	25	26	27	28	29	30	31	33	34	35	37	38	40	41	42	45	46	47	49	51	52	53	54	55	56	58	59	60	61	62	63	64	65	66	67	68	69	71	74	75	77	78	79	80	81	82	83	84	85	86	87	89	90	93	94
9	10	11	13	15	17	21	22	24	25	26	27	28	29	30	31	33	36	37	38	39	42	44	45	46	47	49	51	52	53	54	55	56	57	58	59	61	62	63	64	65	66	67	69	71	73	74	75	77	78	79	80	81	82	83	84	85	86	87	89	92	93	94
9	10	11	12	13	19	21	22	23	25	26	27	28	29	30	31	32	33	34	37	40	42	43	45	46	47	48	49	50	51	52	53	54	55	56	57	58	59	60	63	64	66	68	70	71	72	73	74	75	76	77	78	79	80	81	84	85	86	87	90	91	92	93
9	10	11	12	13	16	21	22	23	25	26	27	28	29	30	31	32	33	34	35	38	41	42	43	45	46	47	48	49	51	52	53	54	55	56	57	58	59	60	61	62	65	67	68	69	70	71	73	74	75	77	78	79	80	81	82	83	84	87	88	89	90	93
8	12	13	16	17	18	21	22	23	24	27	28	30	31	32	33	34	35	38	39	40	43	45	46	47	48	49	50	52	53	54	55	56	57	58	59	60	61	62	64	65	66	68	70	73	74	75	76	77	78	79	80	81	82	83	84	85	86	87	88	92	93	94
8	12	13	14	16	17	20	21	22	23	24	27	28	30	31	33	34	35	36	38	39	41	42	43	44	45	46	47	48	49	50	52	53	55	56	58	59	61	62	63	65	66	67	68	69	70	71	72	73	74	75	78	79	82	83	84	85	86	87	88	89	90	94
8	10	12	13	16	19	21	22	23	24	25	27	28	30	31	33	34	35	37	38	40	41	43	45	46	47	48	49	50	52	53	55	56	58	59	60	61	62	63	64	65	66	68	69	72	73	74	75	76	78	79	80	81	82	83	84	85	86	87	90	92	93	94
8	10	12	13	15	17	21	22	23	24	27	28	29	30	31	33	34	36	37	38	39	43	44	45	46	47	48	49	50	52	53	55	56	57	58	59	61	62	63	64	65	66	68	69	71	72	73	74	75	76	78	79	81	82	83	84	85	86	87	89	90	92	94
8	10	11	12	15	17	21	22	23	24	26	27	29	30	31	32	33	36	37	38	39	42	43	45	46	47	48	49	50	51	52	54	55	57	58	59	61	62	63	64	65	66	67	68	70	71	73	74	75	76	77	78	81	82	83	84	85	86	87	88	89	92	94
8	10	11	12	14	18	20	21	22	23	26	27	29	30	31	32	33	35	36	39	40	41	42	43	45	46	47	48	49	52	54	55	57	58	59	60	61	62	63	64	65	66	67	68	70	71	73	74	75	76	77	80	81	82	83	84	85	86	87	88	91	92	94
8	10	11	12	13	17	21	22	23	24	26	27	28	29	30	31	32	33	34	38	39	42	43	45	46	47	48	49	50	51	52	53	54	55	56	57	58	59	60	61	65	66	67	68	70	71	73	74	75	76	77	78	79	80	81	82	83	86	87	88	89	92	93
8	10	11	12	13	15	21	22	23	24	26	27	28	29	30	31	32	33	34	36	37	42	43	44	45	46	47	48	49	50	52	53	54	55	56	57	58	59	60	62	63	64	68	69	70	71	72	73	74	75	76	78	79	80	81	83	84	85	86	89	90	91	92
8	9	13	17	18	19	20	21	22	23	24	26	27	28	31	33	34	37	38	39	40	42	43	44	45	46	47	48	49	50	53	54	55	56	58	59	60	61	63	64	65	66	70	71	72	73	74	75	76	78	79	80	81	82	83	84	85	86	87	91	92	93	94
8	9	13	16	17	18	20	21	22	23	24	25	26	27	28	31	33	35	38	39	40	41	42	43	44	45	46	47	48	49	51	52	53	54	55	56	58	61	62	64	65	66	67	68	69	70	71	73	74	77	78	79	80	82	83	84	85	86	87	88	89	93	94
8	9	11	13	15	17	20	21	22	23	24	26	27	28	29	31	33	36	37	38	39	42	43	44	45	46	47	48	49	50	51	53	54	55	56	58	61	62	63	64	65	66	67	69	70	71	72	73	74	75	76	78	80	82	83	84	85	86	87	89	91	92	94
8	9	11	13	14	18	20	21	22	23	24	26	27	28	31	32	33	35	36	39	40	41	42	43	44	45	46	47	48	49	53	54	55	56	58	60	61	62	63	64	65	66	67	68	69	70	71	72	73	74	76	78	80	82	83	84	85	86	87	88	89	91	94
8	9	11	12	13	18	20	21	22	23	24	26	27	28	30	31	32	33	34	39	40	42	43	44	45	46	47	48	49	50	52	53	54	55	56	57	58	59	60	64	65	66	68	70	71	72	73	74	75	76	77	78	79	80	81	82	85	86	87	88	91	92	93
8	9	11	12	13	14	20	21	22	23	24	26	27	28	30	31	32	33	34	35	36	41	42	43	44	45	46	47	48	49	50	52	53	54	55	56	58	59	60	61	62	63	67	68	69	70	71	72	73	74	75	76	78	79	80	82	83	84	85	88	89	90	91
8	9	10	17	18	19	20	21	22	23	25	26	27	28	29	30	31	37	38	39	40	41	42	43	45	46	47	48	51	52	53	54	55	56	57	58	59	61	63	64	65	66	67	68	70	73	74	75	77	78	79	80	81	82	83	84	85	86	87	88	92	93	94
8	9	10	15	18	19	20	21	22	23	24	25	26	27	28	30	31	36	37	39	40	41	42	43	44	45	46	47	48	49	50	52	53	54	55	56	59	62	63	64	65	66	68	69	70	71	72	73	74	75	76	79	80	82	83	84	85	86	87	90	91	92	94
8	9	10	12	16	19	20	21	22	23	25	26	27	28	30	31	34	35	37	38	40	41	42	43	45	46	47	48	50	51	52	53	54	55	56	59	61	62	63	64	65	66	67	68	69	70	72	73	75	77	78	79	80	82	83	84	85	86	87	88	90	93	94
8	9	10	12	14	18	20	21	22	23	25	26	27	28	30	31	32	35	36	39	40	41	42	43	44	45	46	47	48	52	53	54	55	56	57	59	61	62	63	64	65	66	67	68	69	70	71	72	73	75	77	79	80	82	83	84	85	86	87	88	90	91	94
8	9	10	12	13	19	20	21	22	23	24	25	26	27	28	30	31	33	34	37	40	41	42	43	44	45	46	47	48	49	50	52	53	54	55	56	58	59	60	63	64	66	68	69	70	71	72	73	74	75	76	78	79	80	81	84	85	86	87	90	91	92	93
8	9	10	12	13	16	20	21	22	23	24	25	26	27	28	30	31	33	34	35	38	41	42	43	44	45	46	47	48	49	50	51	52	53	54	55	56	58	59	61	62	65	67	68	69	70	71	72	73	74	75	77	78	79	80	82	83	84	87	88	89	90	93
8	9	10	11	13	17	20	21	22	23	24	25	26	27	28	29	30	31	33	38	39	41	42	43	44	45	46	47	48	49	51	52	53	54	55	56	57	58	59	61	65	66	67	68	69	70	71	73	74	75	77	78	79	80	81	82	83	86	87	88	89	92	93
8	9	10	11	13	15	20	21	22	23	24	25	26	27	28	29	30	31	33	36	37	41	42	43	44	45	46	47	48	49	50	51	52	53	54	55	56	58	59	62	63	64	67	68	69	70	71	72	73	74	75	76	78	79	80	83	84	85	86	89	90	91	92
8	9	10	11	12	18	20	21	22	23	25	26	27	28	29	30	31	32	33	39	40	41	42	43	45	46	47	48	49	51	52	53	54	55	56	57	58	59	60	64	65	66	67	68	70	71	73	74	75	76	77	78	79	80	81	82	85	86	87	88	91	92	93
8	9	10	11	12	14	20	21	22	23	25	26	27	28	29	30	31	32	33	35	36	41	42	43	44	45	46	47	48	49	51	52	53	54	55	56	57	58	59	61	62	63	67	68	69	70	71	72	73	74	75	77	78	79	80	82	83	84	85	88	89	90	91
10	12	13	14	17	19	21	23	27	28	29	30	31	33	34	35	36	37	38	39	40	43	45	46	47	50	52	53	55	56	57	58	59	60	61	62	63	64	65	66	68	72	73	74	75	78	79	80	81	82	83	84	85	86	87	90	92	93	94
10	11	13	14	17	19	21	22	26	28	29	30	31	33	34	35	36	37	38	39	40	42	45	46	47	49	51	53	55	56	57	58	59	60	61	62	63	64	65	66	67	71	73	74	75	78	79	80	81	82	83	84	85	86	87	89	92	93	94
9	12	13	14	17	19	20	23	26	27	28	30	31	33	34	35	36	37	38	39	40	42	43	44	46	50	52	53	54	55	56	58	59	60	61	62	63	64	65	66	68	70	71	72	75	78	79	80	81	82	83	84	85	86	87	90	91	93	94
9	11	13	15	16	18	22	24	25	26	27	28	31	32	33	35	36	37	38	39	40	42	44	47	48	49	51	52	53	54	55	56	58	60	61	62	63	64	65	66	69	70	71	74	76	77	78	79	80	82	83	84	85	86	87	89	91	93	94
9	11	13	14	17	19	20	22	26	27	28	29	31	33	34	35	36	37	38	39	40	42	43	44	45	49	51	53	54	55	56	58	59	60	61	62	63	64	65	66	67	70	71	72	74	78	79	80	81	82	83	84	85	86	87	89	91	93	94
9	11	12	15	16	18	22	23	25	26	27	28	30	32	33	35	36	37	38	39	40	42	43	46	48	49	51	52	53	54	55	56	57	60	61	62	63	64	65	66	68	70	71	73	76	77	78	79	80	82	83	84	85	86	87	88	91	93	94
9	10	13	15	16	18	21	24	25	26	27	28	30	31	33	35	36	37	38	39	40	41	44	46	47	49	51	52	53	54	55	56	58	59	61	62	63	64	65	66	68	69	71	74	75	77	78	79	80	82	83	84	85	86	87	89	90	93	94
9	10	12	15	16	18	21	23	25	26	27	28	30	31	32	35	36	37	38	39	40	41	43	46	47	48	51	52	53	54	55	56	57	59	61	62	63	64	65	66	68	69	70	73	75	77	78	79	80	82	83	84	85	86	87	88	90	93	94
9	10	12	13	17	18	21	23	25	26	27	28	29	30	31	32	33	34	38	39	40	43	45	46	47	48	51	52	53	54	55	56	57	58	59	60	61	64	65	66	68	70	73	74	75	77	78	79	80	81	82	83	85	86	87	88	92	93	94
9	10	12	13	14	15	20	21	23	24	25	26	27	28	30	31	33	34	35	36	37	41	42	43	44	46	47	49	50	52	53	54	55	56	58	59	61	62	63	64	68	69	70	71	72	74	75	78	79	80	82	83	84	85	86	89	90	91	94
8	11	13	15	16	18	21	22	23	24	26	28	31	32	33	35	36	37	38	39	40	42	44	45	46	47	48	49	50	53	54	55	58	60	61	62	63	64	65	66	69	70	71	73	74	75	76	78	80	82	83	84	85	86	87	89	91	92	94
8	11	12	15	16	18	21	22	23	24	26	27	30	32	33	35	36	37	38	39	40	42	43	45	46	47	48	49	50	52	54	55	57	60	61	62	63	64	65	66	68	70	71	73	74	75	76	77	80	82	83	84	85	86	87	88	91	92	94
8	10	13	15	16	18	21	22	23	24	25	28	30	31	33	35	36	37	38	39	40	41	44	45	46	47	48	49	50	52	53	55	58	59	61	62	63	64	65	66	68	69	71	73	74	75	76	78	79	82	83	84	85	86	87	89	90	92	94
8	10	12	15	16	18	21	22	23	24	25	27	30	31	32	35	36	37	38	39	40	41	43	45	46	47	48	49	50	52	53	54	57	59	61	62	63	64	65	66	68	69	70	73	74	75	76	77	79	82	83	84	85	86	87	88	90	92	94
8	10	12	14	17	19	20	21	22	23	27	29	30	31	34	35	36	37	38	39	40	41	42	43	45	46	47	48	50	52	56	57	58	59	61	62	63	64	65	66	67	68	70	72	73	74	75	79	81	82	83	84	85	86	87	88	90	92	94
8	10	11	14	17	19	20	21	22	23	26	29	30	31	33	35	36	37	38	39	40	41	42	43	45	46	47	48	49	51	55	57	58	59	61	62	63	64	65	66	67	68	70	71	73	74	75	78	81	82	83	84	85	86	87	88	89	92	94
8	10	11	13	18	19	21	22	23	24	26	28	29	30	31	32	33	34	37	39	40	42	45	46	47	48	49	50	53	54	55	56	57	58	59	60	63	64	65	66	70	71	73	74	75	76	78	79	80	81	82	84	85	86	87	91	92	93	94
8	10	11	13	14	16	20	21	22	23	24	25	26	28	29	30	31	33	35	36	38	41	42	43	44	45	46	47	48	49	51	52	53	55	58	59	61	62	63	65	67	68	69	70	71	73	74	75	78	79	82	83	84	85	87	88	89	90	94
8	9	12	14	17	19	20	21	22	23	26	27	28	30	34	35	36	37	38	39	40	41	42	43	44	45	46	48	50	52	54	55	56	59	61	62	63	64	65	66	67	68	70	71	72	73	75	79	80	82	83	84	85	86	87	88	90	91	94
8	9	11	14	17	19	20	21	22	23	26	27	28	29	33	35	36	37	38	39	40	41	42	43	44	45	46	48	49	51	54	55	56	58	61	62	63	64	65	66	67	68	70	71	72	73	74	78	80	82	83	84	85	86	87	88	89	91	94
8	9	11	12	16	17	20	21	22	23	25	26	27	28	29	30	32	33	35	38	39	41	42	43	45	46	48	49	51	52	53	54	55	56	57	58	61	62	65	66	67	68	70	71	73	74	77	78	79	80	82	83	84	86	87	88	89	93	94
8	9	11	12	15	19	20	21	22	23	24	26	27	28	30	32	33	34	36	37	40	42	43	44	45	46	47	48	49	50	52	54	55	56	59	60	62	63	64	66	68	70	71	72	73	74	75	76	79	80	83	84	85	86	87	90	91	92	94
10	12	13	14	16	19	21	23	25	27	28	30	31	33	34	35	36	37	38	40	41	43	46	47	50	52	53	55	56	58	59	60	61	62	63	64	65	66	68	69	72	75	78	79	80	81	82	83	84	85	86	87	90	93	94
10	12	13	14	15	16	21	23	24	25	27	28	30	31	33	34	35	36	37	38	41	43	44	46	47	49	50	52	53	55	56	58	59	61	62	63	64	65	68	69	71	72	74	75	78	79	82	83	84	85	86	87	89	90	94
10	11	13	14	15	17	21	22	24	26	28	29	30	31	33	35	36	37	38	39	42	44	45	46	47	49	51	53	55	57	58	59	61	62	63	64	65	66	67	69	71	73	74	75	78	81	82	83	84	85	86	87	89	92	94
10	11	13	14	15	16	21	22	24	25	26	28	29	30	31	33	35	36	37	38	41	42	44	45	46	47	49	51	52	53	55	58	59	61	62	63	64	65	67	68	69	71	74	75	78	79	82	83	84	85	86	87	89	90	94
9	12	13	16	17	19	23	25	26	27	28	30	31	33	34	35	37	38	39	40	43	46	50	51	52	53	54	55	56	58	59	60	61	62	63	64	65	66	68	72	75	77	78	79	80	81	82	83	84	85	86	87	90	93	94
9	12	13	16	17	18	23	25	26	27	28	30	31	32	33	34	35	38	39	40	43	46	48	51	52	53	54	55	56	57	58	59	60	61	62	64	65	66	68	70	73	77	78	79	80	81	82	83	84	85	86	87	88	93	94
9	11	13	16	18	19	22	25	26	27	28	31	32	33	34	35	37	38	39	40	42	48	49	51	52	53	54	55	56	58	59	60	61	62	63	64	65	66	70	71	76	77	78	79	80	81	82	83	84	85	86	87	91	93	94
9	11	13	16	17	19	22	25	26	27	28	29	31	33	34	35	37	38	39	40	42	45	49	51	52	53	54	55	56	58	59	60	61	62	63	64	65	66	67	71	74	77	78	79	80	81	82	83	84	85	86	87	89	93	94
9	11	13	15	16	17	22	24	25	26	27	28	29	31	33	35	36	37	38	39	42	44	45	47	49	51	52	53	54	55	56	58	61	62	63	64	65	66	67	69	71	74	77	78	79	80	82	83	84	85	86	87	89	93	94
9	11	13	14	18	19	20	22	26	27	28	31	32	33	34	35	36	37	39	40	42	43	44	48	49	53	54	55	56	58	59	60	61	62	63	64	65	66	70	71	72	76	78	79	80	81	82	83	84	85	86	87	91	93	94
9	11	13	14	15	18	20	22	24	26	27	28	31	32	33	35	36	37	39	40	42	43	44	47	48	49	53	54	55	56	58	60	61	62	63	64	65	66	69	70	71	72	74	76	78	80	82	83	84	85	86	87	89	91	94
9	11	13	14	15	17	20	22	24	26	27	28	29	31	33	35	36	37	38	39	42	43	44	45	47	49	51	53	54	55	56	58	61	62	63	64	65	66	67	69	70	71	72	74	78	80	82	83	84	85	86	87	89	91	94
9	11	12	14	15	19	20	22	23	26	27	28	30	32	33	34	35	36	37	40	42	43	44	46	48	49	50	52	54	55	56	59	60	61	62	63	64	66	68	70	71	72	75	76	79	80	82	83	84	85	86	87	90	91	94
9	11	12	14	15	18	20	22	23	26	27	28	30	32	33	35	36	37	39	40	42	43	44	46	48	49	52	54	55	56	57	60	61	62	63	64	65	66	68	70	71	72	73	76	77	80	82	83	84	85	86	87	88	91	94
9	10	13	17	18	19	21	25	26	27	28	29	30	31	33	34	37	38	39	40	45	46	47	51	52	53	54	55	56	57	58	59	60	61	63	64	65	66	73	74	75	77	78	79	80	81	82	83	84	85	86	87	92	93	94
9	10	13	16	18	19	21	25	26	27	28	30	31	33	34	35	37	38	39	40	41	46	47	51	52	53	54	55	56	58	59	60	61	62	63	64	65	66	68	69	75	77	78	79	80	81	82	83	84	85	86	87	90	93	94
9	10	12	15	16	19	21	23	25	26	27	28	30	31	34	35	36	37	38	40	41	43	46	47	50	51	52	53	54	55	56	59	61	62	63	64	65	66	68	69	72	75	77	78	79	80	82	83	84	85	86	87	90	93	94
9	10	12	14	15	19	20	21	23	25	26	27	28	30	31	34	35	36	37	40	41	42	43	44	46	47	50	52	53	54	55	56	59	61	62	63	64	66	68	69	70	71	72	75	79	80	82	83	84	85	86	87	90	91	94
8	11	13	15	16	17	21	22	23	24	26	28	29	31	33	35	36	37	38	39	42	44	45	46	47	48	49	50	51	53	55	58	61	62	63	64	65	66	67	69	71	73	74	75	76	78	82	83	84	85	86	87	89	92	94
8	11	13	14	16	17	20	21	22	23	24	26	28	29	31	33	35	36	38	39	41	42	43	44	45	46	47	48	49	51	53	55	58	61	62	63	65	66	67	68	69	70	71	73	74	78	82	83	84	85	86	87	88	89	94
8	11	12	14	16	18	20	21	22	23	26	27	30	32	33	35	36	38	39	40	41	42	43	45	46	48	49	52	54	55	57	60	61	62	63	64	65	66	67	68	70	71	73	76	77	80	82	83	84	85	86	87	88	91	94
8	11	12	14	16	17	20	21	22	23	26	27	29	30	32	33	35	36	38	39	41	42	43	45	46	48	49	51	52	54	55	57	58	61	62	63	65	66	67	68	70	71	73	74	77	78	82	83	84	85	86	87	88	89	94
8	10	13	17	18	19	21	22	23	24	28	29	30	31	33	34	37	38	39	40	45	46	47	48	49	50	53	55	56	57	58	59	60	61	63	64	65	66	73	74	75	76	78	79	80	81	82	83	84	85	86	87	92	93	94
8	10	13	15	17	18	21	22	23	24	28	29	30	31	33	36	37	38	39	40	44	45	46	47	48	49	50	53	55	57	58	59	61	62	63	64	65	66	69	71	73	74	75	76	78	81	82	83	84	85	86	87	89	92	94
8	10	12	15	17	19	21	22	23	24	27	29	30	31	34	36	37	38	39	40	43	45	46	47	48	49	50	52	56	57	58	59	61	62	63	64	65	66	68	72	73	74	75	76	79	81	82	83	84	85	86	87	90	92	94
8	10	12	15	17	18	21	22	23	24	27	29	30	31	32	36	37	38	39	40	43	45	46	47	48	49	50	52	54	57	58	59	61	62	63	64	65	66	68	70	73	74	75	76	77	81	82	83	84	85	86	87	88	92	94
8	10	12	15	16	19	21	22	23	24	25	27	30	31	34	35	36	37	38	40	41	43	45	46	47	48	49	50	52	53	56	59	61	62	63	64	65	66	68	69	72	73	74	75	76	79	82	83	84	85	86	87	90	92	94
8	10	12	14	17	18	20	21	22	23	27	29	30	31	32	35	36	38	39	40	41	42	43	45	46	47	48	52	54	57	58	59	61	62	63	64	65	66	67	68	70	73	74	75	77	81	82	83	84	85	86	87	88	92	94
8	10	12	14	16	19	20	21	22	23	25	27	30	31	34	35	36	37	38	40	41	42	43	45	46	47	48	50	52	53	56	59	61	62	63	64	65	66	67	68	69	70	72	73	75	79	82	83	84	85	86	87	88	90	94
8	10	12	14	16	18	20	21	22	23	25	27	30	31	32	35	36	38	39	40	41	42	43	45	46	47	48	52	53	54	57	59	61	62	63	64	65	66	67	68	69	70	73	75	77	79	82	83	84	85	86	87	88	90	94
8	10	11	15	18	19	21	22	23	24	26	29	30	31	32	33	36	37	39	40	42	45	46	47	48	49	50	54	55	57	58	59	60	62	63	64	65	66	70	71	73	74	75	76	80	81	82	83	84	85	86	87	91	92	94
8	10	11	15	17	19	21	22	23	24	26	29	30	31	33	36	37	38	39	40	42	45	46	47	48	49	50	51	55	57	58	59	61	62	63	64	65	66	67	71	73	74	75	76	78	81	82	83	84	85	86	87	89	92	94
8	9	12	16	17	18	20	21	22	23	25	26	27	28	30	32	35	38	39	40	41	42	43	45	46	48	51	52	53	54	55	56	57	61	62	64	65	66	67	68	70	73	77	78	79	80	82	83	84	85	86	87	88	93	94
8	9	12	14	17	18	20	21	22	23	26	27	28	30	32	35	36	38	39	40	41	42	43	44	45	46	48	52	54	55	56	57	61	62	63	64	65	66	67	68	70	71	72	73	77	80	82	83	84	85	86	87	88	91	94
8	9	11	15	18	19	20	21	22	23	24	26	27	28	32	33	36	37	39	40	42	43	44	45	46	47	48	49	50	54	55	56	60	62	63	64	65	66	70	71	72	73	74	75	76	80	82	83	84	85	86	87	91	92	94
8	9	11	14	18	19	20	21	22	23	26	27	28	32	33	35	36	37	39	40	41	42	43	44	45	46	48	49	54	55	56	60	61	62	63	64	65	66	67	68	70	71	72	73	76	80	82	83	84	85	86	87	88	91	94
10	11	12	13	14	19	21	22	23	26	27	28	29	30	31	32	33	34	35	36	37	40	42	43	45	46	47	48	49	50	52	53	54	55	56	57	58	59	60	61	62	63	64	66	68	70	71	72	73	74	75	76	78	79	80	81	82	83	84	85	86	87	90	91	92	93	94
10	11	12	13	14	18	21	22	23	26	27	28	29	30	31	32	33	34	35	36	39	40	42	43	45	46	47	48	49	52	53	54	55	56	57	58	59	60	61	62	63	64	65	66	68	70	71	73	74	75	76	77	78	79	80	81	82	83	84	85	86	87	88	91	92	93	94
10	11	12	13	14	17	21	22	23	26	27	28	29	30	31	32	33	34	35	36	38	39	42	43	45	46	47	48	49	51	52	53	54	55	56	57	58	59	60	61	62	63	65	66	67	68	70	71	73	74	75	77	78	79	80	81	82	83	84	85	86	87	88	89	92	93	94
10	11	12	13	14	16	21	22	23	25	26	27	28	29	30	31	32	33	34	35	36	38	41	42	43	45	46	47	48	49	51	52	53	54	55	56	57	58	59	60	61	62	63	65	67	68	69	70	71	73	74	75	77	78	79	80	81	82	83	84	85	87	88	89	90	93	94
10	11	12	13	14	15	21	22	23	24	26	27	28	29	30	31	32	33	34	35	36	37	42	43	44	45	46	47	48	49	50	52	53	54	55	56	57	58	59	60	61	62	63	64	68	69	70	71	72	73	74	75	76	78	79	80	81	82	83	84	85	86	89	90	91	92	94
9	11	12	13	15	16	22	23	24	25	26	27	28	30	31	32	33	34	35	36	37	38	42	43	44	46	47	48	49	50	51	52	53	54	55	56	58	59	60	61	62	63	64	65	68	69	70	71	72	74	75	76	77	78	79	80	82	83	84	85	86	87	89	90	91	93	94
9	11	12	13	14	17	20	22	23	26	27	28	29	30	31	32	33	34	35	36	38	39	42	43	44	45	46	48	49	51	52	53	54	55	56	57	58	59	60	61	62	63	65	66	67	68	70	71	72	73	74	77	78	79	80	81	82	83	84	85	86	87	88	89	91	93	94
9	10	12	13	15	17	21	23	24	25	26	27	28	29	30	31	33	34	36	37	38	39	43	44	45	46	47	49	50	51	52	53	54	55	56	57	58	59	61	62	63	64	65	66	68	69	71	72	73	74	75	77	78	79	80	81	82	83	84	85	86	87	89	90	92	93	94
9	10	12	13	14	18	20	21	23	25	26	27	28	30	31	32	33	34	35	36	39	40	41	42	43	44	46	47	48	52	53	54	55	56	57	58	59	60	61	62	63	64	65	66	68	69	70	71	72	73	75	77	78	79	80	81	82	83	84	85	86	87	88	90	91	93	94
9	10	11	13	15	18	21	22	24	25	26	27	28	29	30	31	32	33	36	37	39	40	42	44	45	46	47	48	49	51	52	53	54	55	56	57	58	59	60	62	63	64	65	66	69	70	71	73	74	75	76	77	78	79	80	81	82	83	84	85	86	87	89	91	92	93	94
9	10	11	13	14	19	20	21	22	25	26	27	28	29	30	31	33	34	35	36	37	40	41	42	43	44	45	46	47	49	51	52	53	54	55	56	58	59	60	61	62	63	64	66	67	68	69	70	71	72	74	75	78	79	80	81	82	83	84	85	86	87	89	90	91	93	94
9	10	11	12	15	19	21	22	23	25	26	27	28	29	30	31	32	33	34	36	37	40	42	43	45	46	47	48	49	50	51	52	53	54	55	56	57	58	59	60	62	63	64	66	68	70	71	72	73	74	75	76	77	78	79	80	81	83	84	85	86	87	90	91	92	93	94
9	10	11	12	15	18	21	22	23	25	26	27	28	29	30	31	32	33	36	37	39	40	42	43	45	46	47	48	49	51	52	53	54	55	56	57	58	59	60	62	63	64	65	66	68	70	71	73	74	75	76	77	78	79	80	81	82	83	84	85	86	87	88	91	92	93	94
9	10	11	12	15	17	21	22	23	25	26	27	28	29	30	31	32	33	36	37	38	39	42	43	45	46	47	48	49	51	52	53	54	55	56	57	58	59	61	62	63	64	65	66	67	68	70	71	73	74	75	77	78	79	80	81	82	83	84	85	86	87	88	89	92	93	94
9	10	11	12	15	16	21	22	23	25	26	27	28	29	30	31	32	33	35	36	37	38	41	42	43	45	46	47	48	49	51	52	53	54	55	56	57	58	59	61	62	63	64	65	67	68	69	70	71	73	74	75	77	78	79	80	82	83	84	85	86	87	88	89	90	93	94
9	10	11	12	14	15	20	21	22	23	25	26	27	28	29	30	31	32	33	35	36	37	41	42	43	44	45	46	47	48	49	51	52	53	54	55	56	57	58	59	61	62	63	64	67	68	69	70	71	72	73	74	75	77	78	79	80	82	83	84	85	86	88	89	90	91	94
9	10	11	12	13	15	21	22	23	24	25	26	27	28	29	30	31	32	33	34	36	37	42	43	44	45	46	47	48	49	50	51	52	53	54	55	56	57	58	59	60	62	63	64	68	69	70	71	72	73	74	75	76	77	78	79	80	81	83	84	85	86	89	90	91	92	93
9	10	11	12	13	14	20	21	22	23	25	26	27	28	29	30	31	32	33	34	35	36	41	42	43	44	45	46	47	48	49	51	52	53	54	55	56	57	58	59	60	61	62	63	67	68	69	70	71	72	73	74	75	77	78	79	80	81	82	83	84	85	88	89	90	91	93
8	11	12	13	16	19	21	22	23	24	26	27	28	30	31	32	33	34	35	37	38	40	42	43	45	46	47	48	49	50	52	53	54	55	56	58	59	60	61	62	63	64	65	66	68	70	71	72	73	74	75	76	78	79	80	81	82	83	84	85	86	87	90	91	92	93	94
8	11	12	13	16	18	21	22	23	24	26	27	28	30	31	32	33	34	35	38	39	40	42	43	45	46	47	48	49	50	52	53	54	55	56	57	58	59	60	61	62	64	65	66	68	70	71	73	74	75	76	77	78	79	80	81	82	83	84	85	86	87	88	91	92	93	94
8	11	12	13	16	17	21	22	23	24	26	27	28	29	30	31	32	33	34	35	38	39	42	43	45	46	47	48	49	50	51	52	53	54	55	56	57	58	59	60	61	62	65	66	67	68	70	71	73	74	75	76	77	78	79	80	81	82	83	84	86	87	88	89	92	93	94
8	11	12	13	15	16	21	22	23	24	26	27	28	30	31	32	33	34	35	36	37	38	42	43	44	45	46	47	48	49	50	52	53	54	55	56	58	59	60	61	62	63	64	65	68	69	70	71	72	73	74	75	76	78	79	80	82	83	84	85	86	87	89	90	91	92	94
8	11	12	13	14	16	20	21	22	23	24	26	27	28	30	31	32	33	34	35	36	38	41	42	43	44	45	46	47	48	49	50	52	53	54	55	56	58	59	60	61	62	63	65	67	68	69	70	71	72	73	74	75	76	78	79	80	82	83	84	85	87	88	89	90	91	94
8	10	12	13	16	18	21	22	23	24	25	27	28	30	31	32	33	34	35	38	39	40	41	43	45	46	47	48	49	50	52	53	54	55	56	57	58	59	60	61	62	64	65	66	68	69	70	73	74	75	76	77	78	79	80	81	82	83	84	85	86	87	88	90	92	93	94
8	10	12	13	14	17	20	21	22	23	24	27	28	29	30	31	33	34	35	36	38	39	41	42	43	44	45	46	47	48	49	50	52	53	55	56	57	58	59	61	62	63	65	66	67	68	69	70	71	72	73	74	75	78	79	81	82	83	84	85	86	87	88	89	90	92	94
8	10	11	13	16	19	21	22	23	24	25	26	28	29	30	31	33	34	35	37	38	40	41	42	45	46	47	48	49	50	51	52	53	55	56	58	59	60	61	62	63	64	65	66	67	68	69	71	73	74	75	76	78	79	80	81	82	83	84	85	86	87	89	90	92	93	94
8	10	11	13	14	18	20	21	22	23	24	26	28	29	30	31	32	33	35	36	39	40	41	42	43	44	45	46	47	48	49	53	54	55	57	58	59	60	61	62	63	64	65	66	67	68	69	70	71	73	74	75	76	78	80	81	82	83	84	85	86	87	88	89	91	92	94
8	10	11	12	15	16	21	22	23	24	25	26	27	29	30	31	32	33	35	36	37	38	41	42	43	45	46	47	48	49	50	51	52	53	54	55	57	58	59	61	62	63	64	65	67	68	69	70	71	73	74	75	76	77	78	79	82	83	84	85	86	87	88	89	90	92	94
8	10	11	12	14	19	20	21	22	23	26	27	29	30	31	32	33	34	35	36	37	40	41	42	43	45	46	47	48	49	50	52	54	55	56	57	58	59	60	61	62	63	64	66	67	68	70	71	72	73	74	75	76	79	80	81	82	83	84	85	86	87	88	90	91	92	94
8	10	11	12	13	16	21	22	23	24	25	26	27	28	29	30	31	32	33	34	35	38	41	42	43	45	46	47	48	49	50	51	52	53	54	55	56	57	58	59	60	61	62	65	67	68	69	70	71	73	74	75	76	77	78	79	80	81	82	83	84	87	88	89	90	92	93
8	10	11	12	13	14	20	21	22	23	24	26	27	28	29	30	31	32	33	34	35	36	41	42	43	44	45	46	47	48	49	50	52	53	54	55	56	57	58	59	60	61	62	63	67	68	69	70	71	72	73	74	75	76	78	79	80	81	82	83	84	85	88	89	90	91	92
8	9	12	13	17	19	20	21	22	23	24	26	27	28	30	31	33	34	37	38	39	40	42	43	44	45	46	47	48	49	50	52	53	54	55	56	58	59	60	61	63	64	65	66	68	70	71	72	73	74	75	76	78	79	80	81	82	83	84	85	86	87	90	91	92	93	94
8	9	12	13	17	18	20	21	22	23	24	26	27	28	30	31	32	33	34	38	39	40	42	43	44	45	46	47	48	49	50	52	53	54	55	56	57	58	59	60	61	64	65	66	68	70	71	72	73	74	75	76	77	78	79	80	81	82	83	85	86	87	88	91	92	93	94
8	9	12	13	16	17	20	21	22	23	24	25	26	27	28	30	31	33	34	35	38	39	41	42	43	44	45	46	47	48	49	50	51	52	53	54	55	56	58	59	61	62	65	66	67	68	69	70	71	72	73	74	75	77	78	79	80	82	83	84	86	87	88	89	90	93	94
8	9	12	13	15	17	20	21	22	23	24	26	27	28	30	31	33	34	36	37	38	39	42	43	44	45	46	47	48	49	50	52	53	54	55	56	58	59	61	62	63	64	65	66	68	69	70	71	72	73	74	75	76	78	79	80	82	83	84	85	86	87	89	90	91	92	94
8	9	12	13	14	17	20	21	22	23	24	26	27	28	30	31	33	34	35	36	38	39	41	42	43	44	45	46	47	48	49	50	52	53	54	55	56	58	59	61	62	63	65	66	67	68	69	70	71	72	73	74	75	78	79	80	82	83	84	85	86	87	88	89	90	91	94
8	9	11	13	17	19	20	21	22	23	24	26	27	28	29	31	33	34	37	38	39	40	42	43	44	45	46	47	48	49	50	51	53	54	55	56	58	59	60	61	63	64	65	66	67	70	71	72	73	74	75	76	78	79	80	81	82	83	84	85	86	87	89	91	92	93	94
8	9	11	13	16	18	20	21	22	23	24	25	26	27	28	31	32	33	35	38	39	40	41	42	43	44	45	46	47	48	49	51	52	53	54	55	56	58	60	61	62	64	65	66	67	68	69	70	71	73	74	76	77	78	79	80	82	83	84	85	86	87	88	89	91	93	94
8	9	11	12	16	19	20	21	22	23	25	26	27	28	30	32	33	34	35	37	38	40	41	42	43	45	46	48	49	50	51	52	53	54	55	56	59	60	61	62	63	64	65	66	67	68	70	71	72	73	75	76	77	78	79	80	82	83	84	85	86	87	88	90	91	93	94
8	9	11	12	15	17	20	21	22	23	24	26	27	28	29	30	32	33	36	37	38	39	42	43	44	45	46	47	48	49	50	51	52	54	55	56	57	58	61	62	63	64	65	66	67	68	70	71	72	73	74	75	76	77	78	80	82	83	84	85	86	87	88	89	91	92	94
8	9	11	12	13	17	20	21	22	23	24	26	27	28	29	30	31	32	33	34	38	39	42	43	44	45	46	47	48	49	50	51	52	53	54	55	56	57	58	59	60	61	65	66	67	68	70	71	72	73	74	75	76	77	78	79	80	81	82	83	86	87	88	89	91	92	93
8	9	11	12	13	16	20	21	22	23	24	25	26	27	28	30	31	32	33	34	35	38	41	42	43	44	45	46	47	48	49	50	51	52	53	54	55	56	58	59	60	61	62	65	67	68	69	70	71	72	73	74	75	76	77	78	79	80	82	83	84	87	88	89	90	91	93
8	9	10	13	18	19	20	21	22	23	24	25	26	27	28	30	31	33	34	37	39	40	41	42	43	44	45	46	47	48	49	50	52	53	54	55	56	58	59	60	63	64	65	66	68	69	70	71	72	73	74	75	76	78	79	80	81	82	84	85	86	87	90	91	92	93	94
8	9	10	13	17	18	20	21	22	23	24	25	26	27	28	29	30	31	33	38	39	40	41	42	43	44	45	46	47	48	49	51	52	53	54	55	56	57	58	59	61	64	65	66	67	68	69	70	71	73	74	75	77	78	79	80	81	82	83	85	86	87	88	89	92	93	94
8	9	10	13	16	18	20	21	22	23	24	25	26	27	28	30	31	33	35	38	39	40	41	42	43	44	45	46	47	48	49	51	52	53	54	55	56	58	59	61	62	64	65	66	67	68	69	70	71	73	74	75	77	78	79	80	82	83	84	85	86	87	88	89	90	93	94
8	9	10	13	15	18	20	21	22	23	24	25	26	27	28	30	31	33	36	37	39	40	41	42	43	44	45	46	47	48	49	50	52	53	54	55	56	58	59	62	63	64	65	66	68	69	70	71	72	73	74	75	76	78	79	80	82	83	84	85	86	87	89	90	91	92	94
8	9	10	13	14	18	20	21	22	23	24	25	26	27	28	30	31	33	35	36	39	40	41	42	43	44	45	46	47	48	49	52	53	54	55	56	58	59	61	62	63	64	65	66	67	68	69	70	71	72	73	74	75	78	79	80	82	83	84	85	86	87	88	89	90	91	94
8	9	10	12	17	19	20	21	22	23	25	26	27	28	29	30	31	34	37	38	39	40	41	42	43	45	46	47	48	50	51	52	53	54	55	56	57	58	59	61	63	64	65	66	67	68	70	72	73	74	75	77	78	79	80	81	82	83	84	85	86	87	88	90	92	93	94
8	9	10	12	15	18	20	21	22	23	24	25	26	27	28	30	31	32	36	37	39	40	41	42	43	44	45	46	47	48	49	50	52	53	54	55	56	57	59	62	63	64	65	66	68	69	70	71	72	73	74	75	76	77	79	80	82	83	84	85	86	87	88	90	91	92	94
8	9	10	12	13	18	20	21	22	23	24	25	26	27	28	30	31	32	33	34	39	40	41	42	43	44	45	46	47	48	49	50	52	53	54	55	56	57	58	59	60	64	65	66	68	69	70	71	72	73	74	75	76	77	78	79	80	81	82	85	86	87	88	90	91	92	93
8	9	10	12	13	17	20	21	22	23	24	25	26	27	28	29	30	31	33	34	38	39	41	42	43	44	45	46	47	48	49	50	51	52	53	54	55	56	57	58	59	61	65	66	67	68	69	70	71	72	73	74	75	77	78	79	80	81	82	83	86	87	88	89	90	92	93
8	9	10	11	18	19	20	21	22	23	25	26	27	28	29	30	31	32	33	37	39	40	41	42	43	45	46	47	48	49	51	52	53	54	55	56	57	58	59	60	63	64	65	66	67	68	70	71	73	74	75	76	77	78	79	80	81	82	84	85	86	87	88	91	92	93	94
8	9	10	11	17	19	20	21	22	23	25	26	27	28	29	30	31	33	37	38	39	40	41	42	43	45	46	47	48	49	51	52	53	54	55	56	57	58	59	61	63	64	65	66	67	68	70	71	73	74	75	77	78	79	80	81	82	83	84	85	86	87	88	89	92	93	94
8	9	10	11	16	19	20	21	22	23	25	26	27	28	29	30	31	33	35	37	38	40	41	42	43	45	46	47	48	49	51	52	53	54	55	56	58	59	61	62	63	64	65	66	67	68	69	70	71	73	74	75	77	78	79	80	82	83	84	85	86	87	88	89	90	93	94
8	9	10	11	15	19	20	21	22	23	24	25	26	27	28	29	30	31	33	36	37	40	41	42	43	44	45	46	47	48	49	50	51	52	53	54	55	56	58	59	62	63	64	66	67	68	69	70	71	72	73	74	75	76	78	79	80	83	84	85	86	87	89	90	91	92	94
8	9	10	11	14	19	20	21	22	23	25	26	27	28	29	30	31	33	35	36	37	40	41	42	43	44	45	46	47	48	49	51	52	53	54	55	56	58	59	61	62	63	64	66	67	68	69	70	71	72	73	74	75	78	79	80	82	83	84	85	86	87	88	89	90	91	94
8	9	10	11	13	19	20	21	22	23	24	25	26	27	28	29	30	31	33	34	37	40	41	42	43	44	45	46	47	48	49	50	51	52	53	54	55	56	58	59	60	63	64	66	67	68	69	70	71	72	73	74	75	76	78	79	80	81	84	85	86	87	89	90	91	92	93
8	9	10	11	13	18	20	21	22	23	24	25	26	27	28	29	30	31	32	33	39	40	41	42	43	44	45	46	47	48	49	51	52	53	54	55	56	57	58	59	60	64	65	66	67	68	69	70	71	73	74	75	76	77	78	79	80	81	82	85	86	87	88	89	91	92	93
8	9	10	11	12	19	20	21	22	23	25	26	27	28	29	30	31	32	33	34	37	40	41	42	43	45	46	47	48	49	50	51	52	53	54	55	56	57	58	59	60	63	64	66	67	68	70	71	72	73	74	75	76	77	78	79	80	81	84	85	86	87	88	90	91	92	93
8	9	10	11	12	15	20	21	22	23	24	25	26	27	28	29	30	31	32	33	36	37	41	42	43	44	45	46	47	48	49	50	51	52	53	54	55	56	57	58	59	62	63	64	67	68	69	70	71	72	73	74	75	76	77	78	79	80	83	84	85	86	88	89	90	91	92
9	10	12	13	16	19	21	23	25	26	27	28	30	31	33	34	35	37	38	40	41	43	46	47	50	51	52	53	54	55	56	58	59	60	61	62	63	64	65	66	68	69	72	75	77	78	79	80	81	82	83	84	85	86	87	90	93	94
8	10	11	13	15	17	21	22	23	24	26	28	29	30	31	33	36	37	38	39	42	44	45	46	47	48	49	50	51	53	55	57	58	59	61	62	63	64	65	66	67	69	71	73	74	75	76	78	81	82	83	84	85	86	87	89	92	94
8	9	11	12	14	18	20	21	22	23	26	27	28	30	32	33	35	36	39	40	41	42	43	44	45	46	48	49	52	54	55	56	57	60	61	62	63	64	65	66	67	68	70	71	72	73	76	77	80	82	83	84	85	86	87	88	91	94
